0.750346423980498	0.684953912765463
0.0902968793733091	-0.520751133433170
-0.506177647646190	0.119631925610660
0.738817808485459	0.781111511444088
0.480636586409134	-0.102432659654039
0.331315972058232	-0.386943416401370
-0.837096541956190	-0.494277723874234
-0.887492740737331	0.453045534508847
0.874611838439593	0.229442842251357
-0.951840249353833	0.432323639048286
-0.148068630276569	-0.485348035408412
0.219853529942380	-0.474402234588353
-0.934091524092921	0.332058083509704
-0.344795196359224	-0.969150269805174
0.342247228205182	-0.338414999231737
0.871683149082572	0.505851207819062
0.637592114863026	-0.816524742716160
-0.301439771443049	-0.339815966139395
0.137255169846501	0.441394485001943
-0.382344911501825	0.215261063141435
-0.682068483079727	-0.693020765813213
0.463176697079928	-0.989898659515892
0.709934465884800	-0.742702054808209
-0.721000422569592	-0.618664970806655
0.360978819373035	0.226101044366396
-0.484778315241571	0.200436338829471
0.226104251450752	0.461511956115309
0.0990219903229351	-0.994899959185050
-0.454897293496033	0.886968919360329
-0.146654248729390	-0.430370576752385
0.183702869282809	-0.522614607616645
-0.455845916548111	0.228431203881406
1.00861170532573	0.0169232403113481
-0.308705148223450	0.396334021646884
0.621447856491702	-0.749200542285467
0.733173488759035	-0.818702913233495
0.786897571249486	0.654243013845887
-0.397107074403355	-0.451944142620935
0.0315154341582917	-0.471855051698241
0.482619239210919	0.876739942484062
0.919779754010736	0.223213229345161
-0.147029890071854	-0.504520754501520
0.163215921765889	0.356848495747882
0.455871968321285	0.321736754784472
0.874859405553679	0.250566679276892
-0.373701110438527	-0.946590034964051
0.536972205698967	0.0291229216741715
0.485740113615378	-0.0984677167421609
-0.918475487896725	0.483337727881234
-0.197538238962852	-0.921928715481540
0.240930866653771	0.453922037432654
-0.695633157726540	0.736555644726923
0.125991719183701	0.455476859760122
0.925885044751807	0.155400361162744
-0.800899126558904	-0.620043675346941
0.985021256723038	-0.00675774930726161
-0.0787691469905320	-0.992043131684295
-0.906157907813670	-0.554814260149755
0.329339004882958	-0.392857499311283
0.485265109712560	0.847959638497799
0.509502148813632	0.124245160274502
0.447235675788130	-0.299204756974741
-0.791032771460583	-0.644797639404498
-0.605903426438974	-0.899893164662671
-0.429642591801212	-0.381946185177822
0.807468315421153	-0.371672470344268
0.291055204058675	0.464094163836786
-0.0361531453546341	0.446763337312377
0.522266653899628	0.257987577423849
0.350326176362763	-0.384215602286968
-0.309283308410650	0.904224588000081
0.354439098169336	1.00619302627685
0.282200988687752	0.406490335789524
0.509562139502498	-0.110971149110570
-0.602551385284347	-0.868969698961020
0.458287089197696	-0.334530475752926
-0.962663419091076	0.269697636683253
0.833263211208826	-0.650954492153745
-0.522222510925193	0.890464320705309
0.723290198660564	-0.635382661540900
0.957916573995931	-0.377995651887868
-0.144612835701508	1.09758349428632
-0.492412991810597	-0.110236523568623
0.529803079585946	-0.0808064211154601
0.552130122425265	-0.981818170205347
0.969680194907782	0.533215502959042
0.440822854725085	-0.195353498605626
0.425342344610828	0.939838922557604
0.256780909643205	0.482163604198773
-0.663110377627845	0.673673553157571
0.173567704002714	-0.436596947559584
-0.426866253461290	-0.944019443706531
-0.261440357212984	-0.394964493976147
0.0292118429843756	1.07056021566005
-0.166934185361961	-0.427259581161051
0.137764582310248	0.984172831728766
-0.384786720737561	0.255422112193913
0.162841798269539	0.442700546430441
0.412276464781390	-0.905507530685050
-0.207213872965305	-0.397549757229777
0.437791784333985	-0.369609745016241
0.341213916808456	0.476537544300775
-0.150295474540272	-0.992755121480090
-0.426380449293313	-0.335232695992275
-0.438747945288204	-0.256016110266671
0.555959753501137	-0.182821554676408
-0.842506943951928	-0.480599961582646
0.813707982658341	-0.708122963735020
-0.372590213728888	0.828957111619710
0.297618012112406	0.929076536878619
-0.172276750121172	-0.445179475885512
0.716158252115426	0.525650989801816
0.920217545294530	-0.461394672959669
-0.842157345143242	0.454800574524402
-0.587082067804626	0.830431990938272
-0.146889764055790	1.05460269955174
-0.0530936629535503	0.397918674637423
0.880021610078723	-0.405582802813734
-0.244890400370843	-0.868662376021032
-0.361505783671780	-0.330258007204914
0.397109024067413	0.179330631237195
-0.448587445352868	-0.0169351850804260
1.00700538939825	-0.160954596044468
0.278095245637726	-0.481193090106829
0.754668782822906	0.671996807517741
0.693953319459228	0.756064956283810
0.495755204686116	-0.134271745709940
0.473237945468725	-0.909886321696768
0.690529327486612	0.853672848686611
-0.467462226408734	0.221977761641237
-0.456059604489218	-0.0538837971677535
0.991093420199844	0.0739511665469268
-0.291711955842036	-0.337216072122557
-0.454486049489965	0.0454940544465034
0.0951911578396749	0.420522330219337
0.547867858575057	-0.857040318965530
-0.513566873071924	-0.0752284206857255
-0.919970303540597	-0.0739114480122201
0.474497891693623	-0.0211195836467348
0.480438996474321	0.179349485264683
-0.0434626681078664	0.513521394177090
0.955846286964837	-0.470640298247002
-0.925037587704601	0.130614490414050
-0.974690982976498	-0.168928171967327
0.357103638772421	-0.199902205737058
0.218653030032686	-0.428606880772943
-0.0738992400890217	0.448257053949794
-0.434144897805244	0.251597259806959
-1.00274662105839	-0.216242147661123
-0.673443935949121	-0.706965957581902
-0.0156723695594415	0.966219383239640
0.284629780364706	0.905557787521521
0.241148375094504	0.9706564580310231
-0.325537551470405	-0.520218264462082
0.0942232475010697	-0.527522590422069
0.261507199989863	-0.951299113890242
0.498741320167429	-0.253181560468761
0.788098803656317	-0.481574023329034
-0.690805162508134	-0.573140503207858
-0.476758648894401	0.142346046146322
0.282751390289720	0.345821759089427
-0.918231669654697	-0.328006915634750
-0.178354237489164	0.475951611568206
0.0679445612206919	-0.508849049352957
0.247126121354634	-0.469487531307719
0.851194460392183	0.535387050469960
-0.598598027692451	0.878089134097650
-0.321197559861086	-0.440950217080580
0.300753000194566	0.455623333174924
-0.504869970682995	-0.0459786701447292
-0.475812161349202	0.904930094757644
-0.129013443648673	0.583965937377557
-0.369938068531154	0.183239256997293
0.0727576543339062	0.489059747012779
0.222972681342088	0.411681224340846
-0.471749594644182	0.185910852741768
0.322928240996639	-0.401565301580936
0.0596532598163947	0.439979277780784
-0.0735991029271018	-0.498721029728968
-0.299709003299482	0.450107699176971
-0.351147451409901	-0.304487862901849
0.745113532409815	0.742457237405292
0.287551812322367	0.365325883203603
0.374417618752549	-0.0616155763259733
-0.0691003718973304	0.911471010022025
-0.639344485908912	0.861501681876374
-0.333312215518593	-0.439611336021680
0.717942860603590	0.581258805633599
-0.521048374994269	0.215491096413716
0.280949066836843	0.376193841847797
-0.829629861451680	-0.404403990121974
0.0169801658078787	0.527282781654973
0.426533266240570	-0.0614643329124832
-0.732995056368045	0.591904238218872
-0.590574184374935	0.00323808249578047
0.936780786039171	0.194746075923151
-0.504072744214117	-0.0401020781293495
0.441632259838897	0.380929936140066
0.870974585590163	-0.395554032812840
0.535889131480745	-0.840692949682134
-0.269194583771894	-0.395585842792891
-0.0784739354805037	-0.565440546073890
0.129623971312211	1.03220185695963
0.866107308101348	-0.368341258074472
0.487699996970145	0.322567398023200
-0.376777934814313	-0.501616417920132
0.106809902955352	-0.419379858919795
0.308090443812551	0.339625309633452
-0.299084514974662	-1.05711392017494
-0.680078211800067	-0.664497763171448
0.0904368980086904	-0.509113703355346
-0.840392045941158	-0.628114909847657
-0.0706555427718427	-0.411355035954875
-0.251280121355379	0.999766836441647
0.0123148614188855	-0.486446810989294
0.132510237000818	-0.523059294645924
0.908298264578942	0.643174384044059
0.167833875631540	0.966419242241668
-0.516469455259762	0.00507866105999577
0.236628493289491	-0.453282713154318
0.535999549438925	-0.931593072742925
-0.0867664582759236	-0.962689008976837
-0.168637095567953	-0.499865522051595
-0.468289077855815	-0.296693900582590
-0.929134819054876	-0.381454171391271
0.830232703133231	-0.524735518397850
0.216048126834617	0.915278180445062
0.309017205849232	0.863892459217579
-0.523261873738684	0.872186692643261
-0.943726296803822	-0.289753129224650
0.931049104324464	0.598209419412595
0.936457104287047	0.343823442886475
0.390464852377590	0.256110884495470
-0.170236113522879	-0.399323624494857
0.324313170132974	-0.404793682293713
-0.351551364163320	-0.432771864941755
-0.366174647848133	1.02688555504568
-0.541548742476210	0.834981261695678
-1.03711253271182	0.0879858360571235
-0.346312471437573	0.321628692171791
-0.563758764943105	0.132646264201397
0.395379945972065	-0.292163371812707
0.483462355518139	-0.102624213880158
0.0158141180112363	0.547585665446012
-0.746620582267976	-0.595214685416893
0.296356364094690	0.490894825170903
0.437703308447345	-0.110622832447149
-1.00772112023351	0.451510782368203
1.08475500590158	0.152923249081850
0.0687484201282822	-0.513626685914450
0.667479137038301	0.856204783866199
-0.431868971752430	-0.913846317021476
-0.0114204296322130	-0.424530773213582
-0.236937126968556	0.408271748887963
-0.471915374723117	0.805885328118639
-0.469584976023037	0.963105984797320
0.386714622033731	0.247532998715731
0.280170230987792	-0.472954682433319
-0.301184365427081	-0.940058989633839
-0.596184140846088	0.109647743947529
-0.477250567981252	-0.416823698704840
-0.127939776517215	0.494974005128562
-0.0752884474793004	-0.998914637649972
1.02524617445055	0.185052330021946
-0.407347423093526	-0.240280029193201
0.220858176640648	0.424664531375414
0.757311025690728	0.810542576716712
0.0437973060525428	0.998874890002618
0.990357067967414	0.406884156308844
0.292009059158991	0.383745629511683
-1.01837513055541	0.148100773923986
0.422548538710316	-0.328617137975384
1.04981407577721	-0.324882027887423
-0.0318551797854005	-0.426212330484950
0.517964436478865	-0.120001849822819
-0.611200572357085	0.701512797465896
0.567769913354381	-0.838977056193935
-0.876935307202077	0.294218723096031
0.523950493434873	-0.0104045189613801
-0.457930139688230	-0.230496008107793
0.0451321942901561	-0.489059590165266
-0.850411268116610	-0.561494950479071
0.366504637758032	0.215865545225236
-0.665875719504833	0.688218856963800
0.340315546455353	0.264208135094932
-0.388354601382203	-0.418898235059770
-0.771741374017757	-0.572179063404209
0.746855323894141	-0.658030544624547
-0.488199812230372	0.915324745262661
-0.249065684886097	-0.455786762024662
0.161394989766704	-0.447058081066996
-0.392278122181498	0.926069704133955
-0.505623471920645	-0.303066763583746
0.326694649846510	0.398334827751681
-0.456834513818648	-0.117128228949704
-1.01167313826312	-0.0749441160334688
0.974025924976070	0.0450656052166090
0.829835990937389	-0.533391270891750
0.210750112147699	0.491210121842027
-0.838207266559641	-0.658391426064839
-0.113758659937361	0.471684456966954
-0.420918509105020	-0.422550127618893
0.538841884357787	-0.811243039785533
-0.138975618186903	-0.565267833976334
0.327877717391278	0.404025129776590
0.930018486338720	0.350848286880381
1.02692855821564	0.274076218534182
-1.00477390391939	-0.00948922171513122
-0.638035835217817	-0.826021085389489
0.791834340932639	-0.632484032049515
-1.10133173731682	0.0233887329472647
0.868310265208914	0.470222005499838
-0.551508642088833	-0.835290680172929
0.0996095679282313	-0.980586209611800
0.784054493222271	-0.612761021673221
-0.902594348863962	0.342280591019479
0.994293138311911	0.327187072850267
-0.0891695341352819	-1.01075905463341
0.0603055320439186	1.01021873806397
0.472483016679280	-0.227662846013404
0.950678882801786	0.188714368256211
-0.295370149543578	0.851484988963601
-0.435700655884352	0.298432344749723
0.250992553242558	-1.03575199237606
1.03311633509738	-0.140526237446499
-0.172359308585136	-0.488587935080885
1.06039308975354	0.0258762758877221
0.716449637161203	0.656385653764339
-0.510773232849462	-0.0312911512563199
-1.05586983634476	0.0620857232699582
0.518593784017764	0.210173850994725
-0.0187502512643734	1.03789561178873
-1.06196267453749	-0.0124864952737892
0.361964397239170	-0.955411341031034
-0.654583987715884	0.811172337525546
-0.0934004491831232	0.376582417116017
-0.139764699173405	0.520998867032566
-0.528547173550523	-0.0748651231677073
-0.543860044483276	-0.104612210692819
-0.114630563758229	0.972114026515162
0.271168792332849	0.891900242049126
-0.491254487230011	0.0576838899367567
0.0857988118145281	0.942795700724674
-0.446701937131494	-0.241388001751913
0.159007892458344	-0.990344514198263
0.140502544997296	-0.474535637256206
-0.461640637229680	-0.00300549880346476
-0.593291744221679	0.790045270755564
-0.956876342686373	0.446076707367783
0.175490481321301	-0.418980927125932
0.130414283115688	-0.421322868912577
0.985119924951522	-0.226480633543702
0.493570845803830	-0.852404499465005
0.913060335730864	-0.244349256438070
0.0903322957383534	-0.532398905296767
0.433212032084560	0.237883785455939
0.169150296406254	0.873530412007028
0.559522737783477	0.771765691009889
0.00593967128103356	0.532478856439163
-0.324047649222937	0.318370772855761
-0.811177071807977	0.415739980953271
-0.476171110899869	0.929937032568400
-0.871006065768421	-0.455912895541000
0.528680269299516	-0.219282574933493
-0.478601388398582	-0.789006880826615
1.03717862254329	-0.265499538389717
-0.395391850426085	-0.407653488614565
-0.540294892376227	-0.877607217101309
-0.680328310256369	0.638515519910456
-0.411108804095662	-0.189246333932377
0.889692311360202	0.507014423076406
0.369735360636495	-0.327840112711450
-0.119184837365024	0.465983697688597
-0.943699013096397	-0.377951432431923
-0.0828477703121294	0.445855207557961
-1.05256753639331	-0.00811263650529813
0.124945038980383	-0.986501247891007
0.321592045533492	0.327738690097297
-0.317228304122082	0.316895409450543
0.156402527865675	0.534800008683373
0.217961593081696	1.01707764463958
0.526392713263282	-0.872309516268593
-0.132397126389751	1.04679135274052
-0.259638555439878	-0.362820323041910
0.330207119581720	-0.323593799244503
0.174306664567604	-0.479666430073198
0.802394936213681	0.780280285704148
-0.721346019450684	-0.729902703601951
-0.0747731995732520	-0.451648823706209
0.409231935572355	-0.912450127797695
-0.429529541571744	-0.327597599784438
0.296160914311063	-0.946893846315891
-0.529504385754603	0.189630127344937
0.888090412144373	0.113168143667417
0.786098826329446	-0.669588383713612
-1.08569702332151	0.156889254453970
-0.204824545031089	-0.432993587069048
0.388891085399190	-0.242630918949281
0.985582406660000	0.156155348769285
-0.405538315719425	-0.0189026360595925
0.384897365165986	-0.958683717098417
-0.323742455942162	-0.373836105529825
-0.427200108260338	0.835162641185567
-0.513798723414019	0.172989550881472
-0.459991936646484	-0.219048604311154
0.217231831563020	-1.07032116229702
-0.316036798205453	0.379586069720362
0.476592131144564	-0.00482014694549345
0.353614115696962	-0.284276151526640
0.346376779465792	-0.308260905237523
0.504683140758989	0.361885611021462
0.427472456760319	0.886275843143645
-0.113352591104106	0.497194127320587
-0.335406676035157	0.919817263951698
0.207712439433553	-0.942417757882589
-0.797894948347836	-0.742187852502911
-0.953958461244659	-0.0196283125199465
0.241022051982670	-0.913441570047755
-0.321026032702555	-0.960563815472135
-0.825371460435904	0.442069654527980
0.100976177079852	-1.04135650963092
0.797517036566533	-0.627965186689771
-0.228125614332459	-1.06468373521086
-0.451495731710491	0.234188090489615
-0.320971255710339	-0.491609853228709
0.964826506815368	-0.455976084255107
-0.434184067366222	-0.151182175263121
0.0222609932886924	-0.492503081610276
-0.839613280070446	0.716940908454480
0.741074676487654	0.739545988027246
0.538369500866528	-0.0330782850457066
0.239406785896227	0.954845420995392
0.785217422262198	0.645905142950067
0.163838910992418	-0.493963428882852
0.187037092392865	-0.909780345006314
-0.518183935085232	-0.886812975081385
-0.724958463634368	-0.682752173247245
-0.204862264757920	-0.965509896621430
-0.281170701839101	-0.385458847833065
0.403880069653205	-0.274469934325386
-0.193025284715006	0.309374874338836
0.980634370524907	-0.367322853044465
0.418962350668940	0.112106775206353
0.418464314929679	-0.958301220876035
0.736938491276141	0.747603280825101
0.0237097625767287	-0.978599456363975
0.240097479233192	-0.480654902203717
-0.200834742201378	0.321115568207728
-0.154231118536188	-0.475778855183361
-0.320327761553439	0.406474230432373
-0.113001195707983	-0.454076474295675
-0.331358210935239	-0.371462797226898
-0.848499955688024	-0.547333559784261
-0.443743625032904	0.383742262457577
0.913981371460950	0.217765384597730
0.219142132610426	0.474270026086279
-0.224110076454457	0.964259230889153
0.296702680048070	-0.443863988591754
0.426060221872007	-0.158935030367610
-0.238448694054897	0.944086715813455
0.631961189139453	-0.744179252323667
-0.254161582265127	-0.489536934001557
0.187159533507166	0.485724809326112
0.138287186016239	-0.443698591673855
0.615548804434852	0.707996891066852
0.437979207330794	0.314775684907677
0.873205306143265	0.386338173698930
0.415871379860618	0.141154011210629
-0.219965113215726	0.315325816045395
-0.848150353431874	-0.528449348261946
0.621597730668110	-0.0448284021530782
0.970207599094318	0.0895180847534161
0.447837456969783	-0.182636567551833
0.468029895783720	-0.0685029817706130
-0.530205542219528	0.0477100820171505
-0.233382970304122	-0.985671412506094
-0.246810251208041	-0.957965029441234
-0.854732322674216	-0.737532658985279
0.480527122926468	-0.228932368491747
0.952183038896482	-0.375842195795775
-1.02689943666132	0.216061253597536
-0.881991107759133	0.447109899071841
-0.380897600473840	-0.964879303539095
-0.403033907454829	-0.354449504674573
-0.435428435575161	0.197707698631281
0.419278320373817	0.240866978719092
0.399282021045729	-0.424108164586772
-0.0405985089227190	-1.06700240198152
-0.475742568642062	0.101768221818536
0.301181255367773	-0.283700322560036
0.633129034041943	0.707087730865507
1.01147129324593	-0.230582619656095
0.161612948328376	0.404935780463910
0.439240158435243	0.226565744360684
-0.163969204184158	-0.446588947323688
0.0889343566812605	0.520472688546126
0.494146967674611	0.235294792666186
-0.941612273817239	-0.216345683367228
0.840218547085405	0.486926328612765
0.333729922627944	-0.290714166903969
0.194064390838114	-0.371235583614731
-0.438800568178504	-0.183239879986771
0.602332379958333	0.0922959669967912
-0.889852292265755	-0.450211991258352
0.291118224660497	-0.269258786020949
0.321410613371870	-0.917649809793433
-0.415509865536908	0.228665115316158
-0.259671965054553	-0.399142080224277
-0.237295997221422	-0.495420778422001
-0.169174507035038	0.472630189602179
-0.873654206175011	-0.382181560755028
-0.370038842306674	-0.303599744638424
-0.262258919343062	-0.347580447694520
-0.921957115986889	-0.189164252203987
0.489278503853902	0.241235267293169
-0.507640616788883	-0.880726558073538
-0.476639256418253	0.889463826323548
-0.745283336707418	0.648641428564523
1.00444023531009	-0.410153627345720
-0.251805244382735	0.411194141307055
0.362870106084221	-1.01196617048828
0.508633994369357	-0.160547908746527
-0.775435620453318	0.648208546555301
-0.485925286645892	0.181044245342732
0.505788237220466	-0.181223782588832
0.0446987544325514	0.979506668615460
0.508911021026188	-0.0187133716133005
0.470584340055688	-0.419280495898525
-0.628933925222954	-0.781786033939790
-0.941237140663258	0.223202278291320
-0.936084911791793	0.316251247235589
-0.727190457332779	0.721017640182904
-0.738221391254758	0.588886931906245
0.532600023883338	0.706318036224196
0.372197071928594	0.0733148156601410
0.712788212299755	-0.587528292310233
-0.0358972568187042	-1.02625191227062
-0.0782630713824346	-0.490420785630327
-0.671872287805968	-0.863164953431262
-0.581821599397645	0.0701318338292909
0.0940966515340411	-0.490854981647049
0.223724475249560	0.363771994975174
1.00912754001200	-0.0706399624510930
0.667183893847058	-0.853673428274151
-0.922417171628009	-0.148159879121335
0.316273202142059	-0.271003248378431
-0.532109680365802	-0.897661080615689
-0.472786683416610	-0.272300789135702
-0.500614224086287	-0.807768669235138
-0.463795829777836	0.262952762524951
-0.397520416777113	0.220341541744405
-0.868267410782164	0.593577076789848
0.828935871234905	0.638363804869218
0.402566666198007	0.866397462143599
-0.881267413291657	0.496949312626332
-0.385103796278867	-0.311286274028815
0.0840512271603701	1.05855312206254
0.972934262250930	-0.251431176367181
0.884103428576447	-0.450117664658710
-0.462541691086305	0.0934629884079335
-0.701110802469257	-0.780843075488556
-0.516532911987306	-0.0993125808621268
-0.954456349841553	-0.222565321963154
0.416908396512295	-0.222902248304185
0.400930302235083	-0.291012896820764
-0.463405829956745	-0.318256756616968
0.459017742667345	0.311429794606230
-0.937563810575284	-0.157963013438146
1.04732966509863	-0.153037971627562
0.133709761887544	0.528372036752763
0.418823496861075	0.309494041842630
0.257666481564612	-0.417840549714345
-0.992510267567225	-0.416247938298240
0.247475869629454	0.497542382931430
0.816902766842321	0.459569563572087
-0.851477239125396	-0.429881948578671
0.308809540414119	-0.965046940369383
0.245815536633485	-0.456693055945920
0.0974867024721385	-0.538415352220055
0.557920976870792	-0.767507710665289
-0.0291693536519039	0.458612097695524
0.791083754173619	-0.828267739084768
0.418682087103622	0.291478894301599
0.982607238416015	0.331880922802180
-0.345798964476320	0.431783075166945
0.425708592788879	0.995520246002923
-0.289950866100313	-0.937521787449547
0.535626356194036	0.0201002820614201
0.725535830788649	-0.779638627240095
-0.511334594996677	0.939944697914721
0.375820208396385	-0.317633091289428
-0.0594256908933194	-0.459617338833945
0.493200779324726	0.138243612915007
-0.400341679424477	-0.921251864343765
-0.230210053289842	0.426797911985540
0.498202951273043	0.113662301404319
0.714984118151000	-0.807807135963154
0.239546240595323	-0.499305049465432
-0.472053920389522	-0.0134085954237343
-0.380352576114126	-0.268021404748771
-0.412276237061431	0.218213623291050
0.320005579308777	0.346860068182984
-0.119360025785664	-1.05474028202586
0.377187142319150	0.209725014613548
0.801308162104359	0.430961443636656
0.962490663717144	-0.266204657758441
0.933596276308680	0.282779475572962
-0.0254601387181192	0.541636650742277
1.06651153575153	-0.210365008607445
0.375690735250300	-0.343591055085229
-0.463445486915842	-0.154371109561467
-0.0771607550598055	-0.417982801336744
-0.382933341094237	0.263223217011653
-0.152877268572387	-0.564405245166003
0.0928346261714584	0.551952084074915
-0.0280086784541599	-0.539391549780970
-0.499042896767198	-0.359484730101396
0.442639481910760	-0.941054756020981
-0.121267006277907	-0.440219315124017
0.0442816801592847	-0.563802246912290
0.320543025414035	-0.919319281557635
0.456501039268586	-0.927197388211003
1.01155798189167	-0.150851297716183
-0.856673215483288	0.525472176089842
0.755623752550199	0.674830245272350
-0.290186536593006	-0.403185807135865
0.478873878973288	-0.0263371086812914
0.543751746246857	-0.0541123836100293
-0.327895840574793	-0.422723535415620
-0.279877860444792	-0.411352557665911
-0.203896830160300	0.865051629742390
0.511081286134427	0.922009620586609
-0.938069116932896	-0.584284434474739
0.459791897117954	-0.0331465222513615
-0.428663519471730	0.904631717915432
-0.537076613288285	0.0965226570377488
-0.623493189514729	0.800786970661633
0.450923503230456	-0.153401978612302
-0.203555890173684	-0.488191406564019
-0.554493097529762	0.0695799413706851
-0.815855130378776	-0.526333115460338
0.235367255860618	0.486690762010553
-0.290017967791308	0.980800913488998
0.607366031114498	-0.0682200922628998
-0.0180631683379250	-1.10923337795873
0.425731876786614	0.324530357083893
0.447995089656565	-0.233259273581856
1.09366794554023	0.282147891438988
0.446634098118110	0.108757458461901
0.226803919852045	0.896069112044317
-0.0565274678346374	0.977843394960616
0.973033505157359	-0.298582134100908
-0.130363631521301	0.486874344586244
-0.521577419386035	-0.133862425708577
0.323531791247590	0.898573997997693
-0.304638867019974	-0.383062864475950
-0.290578825336380	-0.335449015447572
0.0933062036665358	1.01788752264193
0.315728815251538	-1.00167034271263
0.148680747261019	-0.958765824288249
0.205736691656966	0.524977650970253
0.733852813860754	0.668660373141424
0.0843540653186480	-0.497081491557942
0.131632147383761	-1.00265401901689
-0.353229352991373	-0.888288477415150
-0.458918597990244	-0.0312565053200287
0.498371419088587	-0.169059078771862
-0.897026548761414	0.0640615488761450
1.06592676739397	-0.0737933373010862
0.0382684634666141	0.582459199828489
-0.0648414894788983	1.06105579269042
0.797409962581151	-0.536853971628696
0.243741306071033	0.989850267961176
-0.421278472281635	0.135507484283225
0.756111909153125	-0.699457903872356
0.301446563187021	0.293638678454329
-0.461929948801148	-0.287669747491720
0.0478209418771228	-0.982209207274527
0.473781911974820	0.0549834251021930
-0.141783527599395	-0.474403318466564
-0.412425090727310	-0.173630908855601
0.0884818551216008	-0.419773045345731
0.459676712967860	0.234830739903739
0.443346182240972	-0.858355692701926
-1.01007611065885	-0.128449479258800
0.247328757487065	-0.957418287189451
0.415569231647004	-0.469088379410124
-0.913753371645906	0.0865666629797130
0.539364295543200	0.0981602425036269
0.412886993677630	0.274538981356749
-0.929945218589148	-0.307356707909720
-0.512152671884114	0.263667934115259
0.943746441468755	0.250221418112551
0.211559360372334	0.479807777234567
-0.318724992907015	0.337303268452929
0.106914660416813	0.518723385046208
-0.483025469092021	-0.315576886261476
0.551044669699583	0.833041818613268
-0.864350540676427	0.532043023425075
-0.106551709921360	0.448706446018423
-0.924398561045205	0.0236355977132490
0.243904414746660	1.05622033478910
-1.02873293690947	0.0722804900619284
0.911149143105958	0.109929320725499
0.210705550572372	0.480931992176980
-0.899099040321662	-0.315309771402510
0.949082847504787	-0.0403500267635576
0.321816837863596	-0.404613140494504
0.424745643118978	0.309942465345015
-0.0579607116579160	-0.436829209634245
0.522055649073950	-0.966209636807104
0.231524249270038	0.504184118870611
0.173982939664522	-0.482885597017612
1.00196944167715	-0.110597368355458
-0.235556597783061	-0.922506821891588
-0.512487968325075	-0.0301861621528739
0.290942189829742	0.492472007095576
-0.759556846190528	-0.594283479878535
-0.448166900842213	0.258313483791107
0.882204322553289	0.403884915853490
0.387802645181585	0.935776694205307
-0.430011718337032	-0.812766132372469
0.269015100956874	-0.498504149092886
0.178088002305299	-0.358169016614933
-0.276146225947995	0.390214202438000
-0.348533199794944	0.391936912455038
-0.144631552133087	-0.369153239212342
0.141722265922780	-0.486857891742814
-0.701371892987431	-0.681176637900519
0.842548575283099	-0.555694337779656
-0.550943444147957	0.106638532063280
0.709359372926443	0.723094468656714
0.830762307892576	0.500585857374161
0.458217414782424	-0.805116713396530
-1.04409347144904	0.131923808718373
-0.177352866330755	0.548053813517665
-0.968005591693935	-0.0186910471285950
-0.431436202947740	0.290895896034081
0.231750915905934	0.470780666836829
0.386368079863077	0.389002954787767
0.449289383801827	0.224399582442720
0.496163791015542	0.0738782772150210
-0.508045581234232	-0.0757999744470292
0.0399435253330161	-0.443516077114654
0.472054558268709	-0.847313386725043
0.655036651667259	0.0318406863027870
0.0931817013784331	0.456362388331905
0.344884595630267	-0.358642138042314
0.141625132256826	-0.508156946921054
-0.321496541869155	0.371595052089448
-0.292378865594945	-0.370327417523831
0.153519956639159	-0.485648878359935
-0.190155139498648	-0.524993401510461
-0.441996571193342	0.122226986373845
-0.386984074705496	-0.210300148969960
0.905559051066884	-0.304880232872021
1.01941774430518	-0.184482021830247
0.529986228238757	-0.907661736021594
0.193385864253609	0.964878379036735
-0.0474042890329312	-0.429238636955400
0.0945645974306048	-0.489940518712794
0.392559247239229	0.319260418142931
0.327333421403944	-0.940815796022407
0.124014100070150	0.503083745358871
0.545275253723562	-0.0496017498640588
-0.487779500149171	0.875033033364262
-0.239434304640233	0.347216424313876
0.634028185770536	0.775718334824896
-0.0784680662974999	1.02588958840043
0.577885877665243	0.837220437365031
-0.926570450587104	-0.419152392884441
0.0333451582347058	-0.446472113071374
0.681432693887555	-0.691020725310984
1.01618850517483	-0.159770374933839
0.310954767719363	-0.920918931320183
-0.455982755974277	0.283761125683036
-0.0281936779005866	0.544506118687383
0.566316530251810	-0.838056129009583
0.887490142654564	-0.482354797566722
-0.340065236153451	0.451422629030381
0.0269104475104727	-0.927950655421028
0.166813767893364	0.509172065815365
-0.955469928218043	0.430643393612283
0.0281166321417774	0.522489579971565
-0.713537948592652	0.645804255386348
-0.392359726332407	0.274166016403588
0.951580427669014	-0.334050635791130
0.292615210586671	-0.397126102379959
-0.355965717907664	0.902664691025623
-0.295480790264297	0.354591258951103
-1.02218958279492	-0.408535532673285
-0.500899031972303	-0.966500009755642
1.04506043841429	-0.0382430065279323
-0.416310434645974	0.302015634624782
-0.221847938466161	-1.03545010660574
0.128345028847113	-0.463133682758210
0.417457423250228	-0.0133881196677295
-0.129471567088338	-0.538463401206079
-0.476017362785727	-0.865790169385598
-0.948094221286245	0.362794737585543
-1.00757756596718	0.0496836455993980
-0.963702553927210	-0.545809279918058
0.445524665686280	-0.218751888104357
0.955122541334697	-0.364489612450218
0.708717106645898	0.691042941482095
-0.642218167454194	0.786312409970561
0.706007551769961	-0.673050093975409
0.845013830308090	-0.455672982263756
-0.0622395455107062	0.491429707441205
-0.166210513644267	-0.529040644104738
0.681243992748756	-0.737259757271906
-0.213992381171073	0.570680756177773
-0.467917619280255	-0.166033817166557
-0.296241339136111	0.425395784707411
0.321311790898036	-0.484576160398282
0.203950428872995	0.471048954184688
0.181585314602348	-0.467363128656014
0.0575389937632334	0.563101866403077
0.774243370850818	-0.617780533702183
0.405616808150626	-0.865553639981684
0.580703732746758	-0.0327483765868998
-0.958362748515274	-0.237839671843529
0.436365918879310	-0.887547829455166
-0.0403703762688471	-0.485808238701485
0.997790976630907	0.140957764485865
0.521945694100710	0.834120985636224
0.369984509980604	0.345599210074211
-0.00694585801852096	-0.569006575201554
-0.0526673629460952	-1.02181331777500
0.368974823188216	-1.04198110429279
0.0292616972527116	0.483237981263216
-0.440075852567011	0.117096469261557
0.463000511977842	0.0311512365654152
-0.792773341387237	0.636172923603607
0.163628741638551	-0.360404468629082
0.269565621818937	0.448164903216749
0.435944253220273	-0.937555452288218
0.581648763779213	0.797599654486667
-1.00598562544030	-0.0818897602033110
-1.02874934895194	0.275534320683990
-0.529339393467707	-0.0556507745551915
-0.0457713223705338	0.437319639122713
-0.633518558583334	0.750151448230786
0.279678508169285	-0.355438053127434
0.520415143488479	0.896394640684853
-0.497209706085655	0.165250191580051
-0.989822265021354	-0.106361416250739
0.253560642433994	0.924716316442734
0.162769552119690	0.392884879333819
-0.103222709432862	0.571771649447436
-0.364947366309104	0.413716038865925
0.238459523690057	-0.408513354973517
0.842624442912188	-0.268441579124666
-0.521381684944776	-0.0650352665063226
0.692271167330909	-0.681892402137031
0.832215279288506	0.393245411120694
0.689416889279778	-0.684270280650966
-0.352676202542873	-0.405748397855074
0.435437765589132	0.293807511745301
-0.909141191056286	0.386577234246673
0.579905701316962	0.807434717181501
-1.00037256128634	0.116322124440444
0.367703581797616	0.930345893617771
0.157186568644761	-0.502645292330971
-0.0296661030385715	-0.997404537422571
0.554003528747150	0.0676700650660468
-0.301329380539557	0.336009226171392
0.207620170497507	-0.996839885288730
0.0601995484850500	-0.511096821062019
-0.224660835069021	-0.377871459226176
-0.0525893518557195	-0.467447535117575
-0.442508463700841	0.126543739688226
-0.131145353808423	-1.04881892344214
0.475397789052816	0.930660332925784
0.320022335336225	0.978592741729550
0.0634888891417449	0.459124421869384
-0.349017126618076	0.381675314461503
0.965310044016629	-0.197530507928057
-0.183276322353897	-1.02153955693246
-0.246245495338685	0.476604851199531
0.205198671917465	0.401919905014600
0.438157214090890	0.166696565673953
-0.522427873557258	0.180548123379277
-0.170384427138907	0.499717780203205
-0.308315229947012	0.229360810328222
0.150267998079062	-0.401886038995687
0.627862642881019	-0.863833626483583
-0.526423236077544	0.948907079860915
0.171518897006290	0.472314840056291
-0.151539014734176	-0.472990476417762
-1.03048514894554	0.0913323754398052
0.314580614454975	0.414130925013021
-0.0986660193645385	-0.990638085520995
-0.322720060594360	0.456336128584905
0.452814524270811	0.129116529187438
-1.02706314949465	-0.0331096734791818
-0.305707499098994	-0.923428182294052
-0.941731490846728	0.398303952806188
-0.350097615968035	-0.908036216464293
-0.269153335104699	0.362487728385494
-0.346551689290158	0.495156765308588
-0.342543067314979	0.918277783767785
-0.349941438481480	-0.435617599853560
-0.209067182729543	0.944552973097413
-0.287092893389108	0.940676795052809
-0.705891669318623	0.815856903736277
-0.476361398522339	0.0210034536257830
-0.278825534321110	-0.934410216693381
0.879358479639447	0.333460977526618
-0.183064619156448	-0.949498791550208
0.980287011642586	-0.0497763984098133
-1.01792982039525	0.382513805254435
0.390456539856114	-0.323285040106799
-0.287455127452354	0.464444514440690
0.487445557012058	-0.964355445004392
0.446016277384685	-0.0578030964952417
-1.03142386980559	0.230272350159429
0.357248903128259	-0.356843904805804
-0.976955563362828	0.531347861026317
-0.418753073158337	-0.883397107453289
-0.388595940268177	-0.335959820373798
0.438279272833737	0.108104541135521
-0.111120428302203	0.482711301243380
-0.701828594325182	0.651750963958802
1.01239803997916	0.0969166766201190
0.108785283189453	0.437154870211117
0.525703786217782	0.749860267292424
-0.434057208537768	-0.183073404769590
0.449443241726552	-0.179280440058566
0.930364792621088	-0.289992079200980
0.115944575029352	-0.917680730232185
-0.178701134626725	-0.561113187179620
0.327842387717308	-0.170027179366178
0.946036144876956	0.252228786036699
0.0294374137416988	0.495704562456850
-0.437547840280064	-0.203276034198112
-0.381394484402453	-0.500307474219248
0.656845889488506	-0.811450496575563
-0.488332773077259	0.255717787947772
0.474137117021533	0.150780922113334
0.236612926741193	-0.450263279400842
-0.232632405802107	0.960879265161701
-1.03737850661029	-0.00376791203112131
0.418377500131292	0.906057064287639
-0.132347453186958	0.443124044313635
-0.542887691865858	0.155441261423975
-0.942834481671357	-0.271258774462913
-1.08993647216048	0.409789522652328
0.158357654836872	-0.491745336321038
0.919105306866074	0.268794466132018
-0.367907483409004	0.279904194023248
-0.854634572492989	0.442247843601559
0.787392024159535	-0.534468098939541
0.0544436938523626	0.450261806360364
0.623985604986350	-0.690521635002647
-0.0729250649244985	0.499507357378660
0.307093952515955	0.411643316280499
0.866454903916255	-0.185757513239410
0.0818279330060615	1.00370096423052
0.315144057402511	-0.375960614108141
-0.295140467184291	-0.310091061339526
-0.356473851754662	0.862289830594378
-0.859365527156915	-0.689750720625517
-0.976521109091982	-0.322695341486228
-0.267343908889301	-0.340271034161165
0.944353253521074	0.447173130408708
0.287576382465482	0.409500008060890
0.934161010767441	0.214103747632179
0.324339982324288	0.886025038987077
0.396705087574233	-0.0963768939131727
0.429054307054252	0.853238201339348
-0.600663177542002	-0.739481985378115
-0.529080730372627	-0.0608170323587204
-0.526363067144392	-0.849150624848349
-0.876481849386785	0.583252240471213
-0.0546939243293903	-0.484201714917942
0.346576311874834	1.02045501949713
0.515943572534239	0.0968545042197670
0.433906322071764	0.178292215895639
0.803031952605964	0.690543463550981
-1.10165322757403	0.0269349505878107
-0.942568267372661	-0.210910292108641
-0.502401699579457	0.161432149510756
0.268716462662609	1.05210005613855
0.334703460173713	0.315977251979883
-0.0504381492134684	-0.484709342013255
-0.0456577391905386	0.525188703110464
-0.103998879833195	0.965888128496482
-0.959391244729297	-0.333761239626745
0.854848997780363	0.608249217142143
-0.248991454910876	0.490296600165170
1.05174961552911	0.0327874594816699
0.577346090060836	0.281789784814506
-0.00834701746537413	-0.588633589001537
-0.470614154646395	0.0593149752581402
-0.350908382505018	-0.998421523424783
-0.0233924262867695	0.494794962870874
-0.327746762198798	-0.364333386569600
0.0281330289518025	0.952765512588269
-0.156070203143919	-0.442974024202899
-0.705766128938150	0.801707756972285
1.03225548820135	0.0955965993570705
-0.469880603366954	-0.213219402574415
-0.400319981985230	-0.344449374813441
0.191648575841598	0.949857624026437
0.194615959224608	-0.409429564036402
0.620608128119450	-0.788852221134308
-0.887999079259759	0.607031698613353
0.319518043287858	0.285433157270135
0.240364542491945	-0.893862209252289
-0.909288789846313	0.430214653516756
-0.905535514820670	0.571414637788778
0.402390044097422	0.985225161253391
0.923268692452920	-0.325180443994347
0.586782163348645	-0.748437732780930
0.537047498352270	-0.867412899615741
-0.911840512265710	-0.0981281790959491
-0.720098456567354	0.735898419632987
-0.436896164203326	-0.206857966535397
0.386292291403095	-0.279093603668870
0.312464905787001	0.450383057435923
-0.872177001260855	-0.691371506076328
-0.861733209319174	0.382549641841062
0.434331859499476	-0.258316068435923
0.950468097023710	-0.405693573069123
0.846488991132129	0.485375444022366
-0.975834519987883	-0.115953127385468
-0.104060139948535	0.440667817247169
0.978313740477952	-0.0178131322736128
-0.374684534335441	-0.389901930245631
0.433679337977759	0.186975982078855
0.615751026465590	0.0371362217451536
-0.816140657543476	0.478134689460272
0.400370582107886	0.161271906717883
0.493927838830579	0.891554207216868
0.425089535252553	0.0548979785590443
-0.00211744778789663	-0.927970205073008
-0.0874979319793498	0.445334100595433
-0.504841960716094	-0.0428127596437035
-0.286163825651926	0.476552691808921
0.543851762216245	-0.140420261506377
0.472512403451030	-0.256695596754660
0.283077025512396	-0.914680409541156
0.517730552785971	-0.166352683198380
0.0438004588977999	1.05141372291957
0.440903628739323	0.163266248198392
0.459092880566501	0.0220291815438416
0.250340784966188	0.372803401479475
0.340415077664417	-0.483373855385978
-0.386974056353931	0.198849757934395
-0.916221217103973	-0.572585505157992
-0.307507197246526	0.466619387401592
-0.0453769274778113	-0.486581778669165
0.0937334994464501	1.03913856362125
-0.766598282965964	0.679967025834579
-0.228075239365834	1.02123249389500
-0.517525644855683	0.187093705414040
-1.00687316455205	-0.245900515011641
0.407365396290995	0.821613114427215
-1.03000010185918	0.173436621136743
-0.166757182641981	0.433688074109495
0.301302363558159	0.473070537048175
0.416851219508859	-0.142422053230918
0.237795701994420	1.06818241928680
-0.0331235607664272	-1.03199931591522
0.0647507869940941	-0.472844543898171
1.00868236442433	-0.167754255053488
0.620420306765746	0.760363933415779
0.790700028432780	-0.644718360484536
0.436384497390965	0.281785548193555
0.463497173072320	-0.266761209882550
1.09648046403236	-0.0244287232851877
-0.860445173964175	0.552105479760983
-0.332867314708862	0.919909346696941
-0.00518674579259829	1.00710866601016
0.0168041237634256	0.885466522980064
0.393017143256141	-0.382621510639797
0.426508783682113	-0.414772949343969
-0.811381195652091	0.578352529457011
-0.0344730837363707	0.525131095176429
0.976856819359559	-0.226819330125470
0.830014978151574	0.662037715815058
0.0287487881274795	-0.460187726994461
0.195336275591708	-0.499399320140104
0.788511212616763	-0.505126191009441
0.952320751677452	-0.0628369620697865
0.188875719691213	-1.02558610904556
-0.0153584107807261	0.952018412367952
0.886900197837379	0.592977540024706
0.120758634110390	0.424313709114992
-0.407454187736682	-0.227523369720694
-0.394036984137203	-0.133082340502068
0.512720725674744	-0.119900020787712
0.407125849035761	0.346932652821716
0.463005761085571	0.0971397736858738
0.405130439336911	0.928896147218894
-0.155185519591200	-0.468106943547158
-0.00663406743315378	0.455784281808693
-0.991730676083852	-0.164852068165972
-0.326242411375505	0.389144290069916
0.260455295453318	0.378521198356618
0.759827261088278	0.704362858714171
-0.909671082091645	0.315874945123892
-0.852997888743726	0.308987184684433
0.454882574275976	0.240229035838267
-0.100522298145422	-0.938479155926622
-0.987110514573740	-0.153528706739987
0.183071813744208	-0.487856004180441
0.913721541283524	0.306428363185385
0.665415837531530	0.688183820309174
0.113523903369282	-0.436089274349226
-0.446155398938586	-0.965013316243687
0.700455833227994	-0.721470867746401
-0.472566511760530	0.198601210706738
0.411149246462411	0.0149989699099668
-0.396938028655748	-0.910643042754392
-0.519823309981913	-0.210317607198492
0.610449690667550	0.790494031495598
-0.931136314502028	-0.102546564242066
0.790859901255590	-0.495076093935705
0.522533908039163	0.0883360916577883
0.0932382265690553	0.484646514409586
0.230368788466944	0.445445941966226
0.00639078735729575	0.547278294649055
0.911583898104576	-0.593228196133666
0.971178637812929	0.313381672230927
-0.134450538985238	0.980187485795846
-0.403555017029119	0.0743609472197671
0.711016524435435	-0.659352666318678
0.475149867466076	0.0215158926530134
0.604392637375811	0.710581739910643
-0.590506584160385	-0.809773719625045
-0.348736592114253	-0.272010451140240
0.262026511584911	-0.878905707013654
0.893660302753282	-0.423732844397697
0.908086319576161	0.496232205577976
-0.469229598077940	-0.156748719985668
-0.214204551687060	-0.892428308822473
0.597340421293547	0.810533329254037
-0.428130766087040	-0.212091226183654
-0.0338997815560176	0.511277890795385
-0.993880959673173	0.284199436181806
-0.309400456679684	0.488310601503893
-0.423590043616701	-0.990220963130044
-0.332157373894021	0.329392758197865
0.411214710139641	-0.196653984720693
-0.240607964293761	0.410287495733290
0.0194302745865416	0.501053276698377
-0.211160593078764	-0.394001855892010
0.294907301115311	0.423739480889988
0.139672564372461	-0.500831995517268
-0.763383152291228	0.709853970199771
-0.0652605076275775	-0.504376474220682
0.869596032812986	0.446487122969131
0.163077287536917	0.505167227431665
-0.0937195095815560	1.05634637966570
-0.208514310610377	0.987628746144776
-0.298828339566025	-0.415828717137126
-0.137962810347146	0.464123801992688
-0.429720549515005	0.256697889463512
-0.369126818369429	-0.143456303617443
0.436854789202136	0.115909175139548
1.04907220518852	0.0860534132086064
0.324710763671348	-0.409550207192894
0.00973696881049295	-0.507700527076317
-0.252752398372114	-0.925044649375748
-0.285300339312286	-0.407716708101395
-0.481651373464897	-0.891584839928631
-0.136345562503581	0.443248955753699
-0.211005287357231	-0.913023213346507
1.02946307988562	0.104512088179641
-0.903119489540260	0.516138092283647
0.522034797383526	0.258182799567092
-0.447814082311554	-0.0243971098148040
0.413893823843852	0.139509445381585
-0.724882124214941	-0.692034900269809
0.946481190326053	0.271886407187429
0.226059742869562	-0.517000079038512
-0.390465757960010	0.266190058182848
0.309068577128559	0.362014355923070
1.03835433805875	0.0714415791029008
-0.271528101929201	-0.462541672565413
-0.478295621394281	-0.224423955090721
-0.108171968834110	-0.963487176285005
0.676880488780831	-0.744485597945317
0.471604543289774	0.893686787251724
-0.630580730912103	0.775289668709326
0.427844671450457	-0.180036330204159
-1.01011705856600	0.278092099843756
-0.368395250953843	0.341333517776929
0.392695114091708	-0.309402176007798
0.294803963374509	0.364947944465581
-1.10081067748990	0.0290851865116418
-0.859788612148314	-0.436481393818826
-1.03112437169302	0.0168538640997670
0.904727496115865	0.297604440712574
-0.775874744383715	-0.728915055015833
0.566325631820430	0.0952496721251386
0.0899789897272750	0.543512811677941
0.252621090987159	-0.450290466482902
0.127349278009118	0.525397628114543
-0.302590657894518	-0.286072034571774
-0.914378458351199	-0.324252086722890
-0.849326839061757	-0.525503262738968
0.889678842367484	-0.592358121701239
-0.851976380928455	0.384469796087914
-0.922275871901337	-0.254715073411848
-0.0978050898272234	1.01850994903109
0.376532536116606	-0.943800964605008
-0.964011582686339	-0.125085358084067
-0.521409580175020	-0.256159890337867
-0.448217694998680	-0.132949195300218
0.493985882437267	0.866187001293071
-0.276973688696225	-0.929481725264628
-0.107784663201256	1.04419183365410
0.924193311351544	-0.609207348673280
-0.357301623096011	0.250925967909083
-0.732004374873696	-0.525172602438101
0.436078784313390	-0.173495764950476
-0.412325667576783	-0.0426480767719604
0.911607759192427	-0.133592481001853
-0.0821153106805095	0.947381849503127
-0.379798668834512	0.871511047020650
0.714625121464676	-0.716341453494340
0.392685805012864	0.375270482200324
-0.668327393847148	-0.773925387811690
-1.02244100731450	0.152135162031684
-0.647299106322519	-0.758455611477939
-0.539879310837635	0.802486327118876
-0.274409936905469	-1.01048779286113
0.915073016480773	-0.436539318157326
0.418530658807261	0.356895199243006
-0.291730206871284	-0.439572732453503
0.917763245722351	0.511211843416380
-0.434299249247747	-0.829680203049430
-1.00638680121293	0.288284699867683
-0.504509669160336	-0.101054988204588
-0.645632969452308	0.864714720684614
0.0344175724498273	1.00704653285477
0.537704831640256	0.837064681694003
0.332384096120551	0.359491563291221
-0.0115354933378686	0.453633340109412
-0.450177198100678	-0.160455286962465
1.01576734952363	0.190074365523257
-0.286423240804746	-0.493918463540393
-0.896077204855231	0.118423367162486
0.0372503372293302	0.955153722684071
0.312598107978150	-0.398943665039194
0.480471244041772	0.781994734537735
-0.245513393628430	0.886004921006816
-0.772999977004843	-0.500355884817218
-0.957524265585493	-0.330147136747265
0.956878325564737	-0.276548471010416
0.814883053679315	0.601965481728667
-0.502346382012733	0.107373596505755
-0.868630908543880	-0.607687450295471
0.888074539799855	0.491247928921295
0.140718016033773	0.379235680136214
-1.03079164659767	-0.141001035527568
-0.979609021244943	0.282073385083195
-0.106625284490677	-0.431747342170906
0.505872114670677	-0.0969380467978089
-0.406751563956462	-0.324842036266480
0.110569171376955	-0.936734069170428
-0.355261135075219	0.347201151056094
-0.863007886292302	-0.427471214045707
-0.992594436052641	-0.322940721558709
-0.318522410136795	-0.325318820349415
-0.192239869641017	0.460625664952613
-0.314036714578066	0.961061048349286
0.244687042648785	-0.448468450981317
-0.0557591312633973	-1.03035232098569
0.314748624325815	0.370053337885326
-0.227261932800830	-0.432844893441946
0.354732595716404	-1.02938705189752
-0.253325091633900	0.520931017822129
-0.934405581549387	0.485082206870369
-0.0604783363623888	0.509587718038047
0.357684884835809	-0.386856480677443
0.333183626728162	0.448840027777756
0.106758684342171	-0.941369183046771
0.0134613137130999	-0.988478633871600
-0.345912331512794	0.331305559006686
1.05306467676093	-0.0342765148410975
0.228741088101257	-0.345041312796922
-0.491021528363761	-0.242791423800866
-0.439313687591674	-0.884322631652387
-0.311276817370690	-0.864844359137919
-0.505206401125076	0.274947659797761
0.190926724287470	0.381705464663636
0.00427078203187148	0.485885890263924
-0.399814674700788	0.330489365324105
0.350601805829484	-0.283866576806965
0.976248940756639	-0.0217257583124095
0.237206375250572	0.445390032975010
-0.261101177187310	0.402904950462084
0.919931873868010	-0.647766058592829
0.433515813114319	0.854708671649449
-0.928604132406122	-0.0904020914076738
0.491463618262427	-0.873585415257611
0.758660731395179	-0.665362408189319
1.13550339173110	-0.122403240568981
-0.373509179080686	-0.0114542695881159
-0.994012606331180	-0.505848743980864
0.984652858871173	-0.362441921245771
-0.0824698653432456	-0.509490006522044
0.407568147520878	-0.279235397984643
-0.631346025657020	-0.790326393734349
-0.107975373382005	0.428941153335381
0.410302254664562	0.904892347891978
-0.324209284006913	0.914392980897165
0.345740437849006	0.984709455743671
-0.408224174712545	0.332965357845376
-0.0933884509385729	0.472806339001162
-0.312481965709943	0.467317758582318
-0.515411411873660	-0.100327850095968
-0.435519965835974	-0.319672043145355
-0.402904725882101	0.422696156231075
-0.0522667719008835	0.402683589869511
-0.155533837437941	0.558499370981486
-0.729894121487084	0.583310016288085
-0.598875020899130	0.0634102578123215
0.454297643374711	-0.933368351275537
0.542000414994897	0.827788003637436
0.500877409271432	0.152787251578552
0.229545869155511	-1.03356877014178
0.575273218095717	0.872583642343720
-0.531604654236961	0.196286845225620
-0.192839458203191	-0.443387761354853
-0.453850711324271	-0.112368429929284
-0.385335220741071	-0.956818062280325
-0.727689622000231	-0.692887691328109
-0.761367820223818	-0.674447089440815
-0.509349631162942	0.0105284733860554
-0.249590668253037	-0.426808780087297
0.0987745986321176	-0.467576613882329
0.440837905524134	0.0876870876579466
0.104433343967847	-0.427531680285010
-0.207384704939136	0.460549327104906
-0.977456266300493	-0.0939732891323432
0.230900926251711	-1.04291642728267
-0.773211217136454	-0.603695547246831
0.414640776785953	0.270588455428510
-0.0214486958022396	-0.527979852668891
-0.977560120048562	0.188472485011088
-0.201165560170629	-0.538810274867554
-0.126002684143838	0.990881443006436
0.394963455225908	1.07435549153674
-0.379782941852454	0.939865113212906
0.483699193131738	0.147925325031937
-0.156717841506690	-0.436806432119531
0.329154192604071	0.563648692285776
-0.867388934357195	-0.484096036542318
0.458091153217128	0.0653118900353660
0.346159006107773	0.334280733611422
0.977482383649713	-0.432455821349037
0.471831212918520	0.0387045766109299
0.537736797433459	-0.0853966214978397
0.318118764513814	0.386511795067548
0.580306674384060	-0.881244984528334
-0.786743693228544	0.632845902698065
-0.485171186522834	0.147381059387435
0.285793344116811	0.356784482135970
-0.566021269511695	0.813109710391837
0.252864998275154	-0.528752079061428
0.237772271268938	-0.464606842726344
0.0284718750690560	0.451325880753075
-0.125693010641178	0.405198101914781
1.01951537125010	-0.239656857805633
-0.426015017639205	0.0647634282915909
-0.394366877321989	-0.0725854234323941
0.421632042953602	-0.0648745593745640
-0.317708848441747	-0.322148391910141
0.357188829932064	-0.400939589795707
0.337097917333478	0.333961137010482
1.06036497855771	0.120859260343766
0.174140370635856	0.391975270429083
0.323794040887930	-0.334811088530176
0.375642914231229	0.326793881003530
0.455178376091614	-0.281192200752018
0.0527174771569411	0.488690607180307
0.580370368321975	0.0752131142009856
-0.845024818292465	0.637463753115348
-0.0158240496390395	-0.420319730853695
0.826088570879069	0.640851545861258
-0.546191377160603	-0.0281793858788643
0.837830192549340	0.552988154213227
-0.173093344961487	-0.936231613334312
0.0995882439638309	-0.993687553100705
-0.793545329147740	-0.612299653107461
0.102107249194625	-0.469297375641201
-0.364039066699484	0.358292177694851
0.393187458924360	-0.409200068822021
0.567273895053398	-0.810657536974466
0.604800255958848	0.849272966243279
-0.236967773501747	0.380746623742837
-0.107939252608380	0.514595059619343
-0.493685738843153	-0.133470477620093
0.897962147284979	-0.184181484528296
-0.939042844729594	0.232323248507782
-0.345366034291860	0.290673526117028
-0.0473558034732059	-0.478701055528005
-0.00417984302997269	0.541006648496365
0.566458196022829	0.0935777561848568
-1.03010490475262	0.0297696367022985
-0.434533017496531	0.316757687417435
0.811733491224991	0.389689658420650
-0.0962169184360315	0.491234361151239
-0.823710792007630	0.594492491160251
0.0131454885316428	1.02382822974657
0.0669129881931661	-0.569362586759709
0.649947574675696	-0.849876438813332
-0.301135131281586	0.380136303586108
0.0951077535923425	0.925759709611892
0.0211199643509718	0.512480078850607
-0.937186920607876	0.184663264518948
0.278579607598836	-0.374851283720192
0.295044540595527	-0.410370210951444
0.318754687269578	-0.450189744568388
-0.796968441175727	0.607599590228770
0.455263678324335	0.0525737449092079
-0.0148644297213278	0.510638187573569
0.136348881748112	-0.527865962639339
-0.153012587294227	0.988844025585543
-0.482065266814662	0.00334794168822622
-0.453643455270399	0.288444964142250
-0.145546734683062	-0.500477818683267
0.363775546838302	-0.370398054163020
-0.495607073415251	-0.0964836539520505
-0.507478932208733	0.0207954454656454
-0.0871134546390740	0.479561193565676
-0.964819290114313	0.0626577769393659
0.405481762610043	-0.0610613162872035
-0.975814122838378	-0.0625439312857974
0.839420639197587	0.586308807496545
0.0774436079082206	-0.908460254439955
0.896187155780726	-0.403327830407221
-0.792313250536925	0.708296066291923
0.838198279394474	0.413623261640577
0.444649470108077	0.352430863045297
-0.128260197275777	-0.416205100567447
-0.756248118669620	0.693608254111935
-0.868281215920410	0.436388677409069
0.0588706405476306	0.557917471504962
-0.504395848408032	0.952631651546232
-0.210417266473156	-0.488393313764768
-0.121940901133540	-0.982689670532304
-0.371690415300776	0.262907567038905
-0.587137738180979	-0.747448478062357
0.670484097980225	-0.747721481615891
0.437703508576283	-0.269304543720116
0.100386428677385	-0.438706322311117
0.263172521801110	0.455343968996527
-0.280651603750099	0.349284324209906
0.588828758323507	0.870040685777725
-0.149536715979922	-0.516930206306790
-0.786438308538351	-0.596562195598198
0.520761584516209	-0.00937240459792126
-0.0920683666596501	-0.453202977330655
0.671330069188039	0.722514639220707
0.903251790844812	0.317588930334054
0.660293246918136	-0.769614062064759
0.00283997780838874	-1.07499030550743
-0.468617805756120	-0.216811650654004
-0.0730250922206126	-0.409442119929475
0.114671832417451	0.930112653268041
0.0122535704223060	-1.00730504270757
-0.311286905196803	-0.311312423398661
0.803904142364820	0.604587914027404
0.100329762991414	-0.476126623212597
-0.937291320354115	0.297896375247631
0.276267641267450	-0.426686739213292
-0.931066141098299	-0.501762945343341
0.443632378617018	0.354702330348871
0.495674452362794	-0.147932849197815
-0.837502279726524	0.474812470222855
0.950654613605896	-0.352998817102610
-0.661030372758104	-0.701960620662494
-0.326222291665595	-0.875241366145639
0.912739885885023	0.406045538735248
0.231869785861483	0.495586764852783
-0.815528487858375	0.624508732331867
0.468599948241765	0.829358119167911
0.910784424286452	0.399995981095963
0.490351185833634	0.0431917522815484
-0.341329479139580	0.930401599012746
0.472563577296103	0.133904965120805
-0.448890169149789	0.898726087785231
0.0601537284410744	-0.941511204794650
-0.335651227927797	-0.408076008580993
-0.475961835693332	-0.937517678485106
-0.275303904340132	0.412789592686130
0.455034426293158	0.304135716315722
-0.520232289312815	-0.822491136239557
0.686081924796437	0.761443859520237
0.218626888900348	1.00287989544501
-1.04997624271066	-0.0426994842641325
-0.943934903280691	-0.0849212682969691
-0.128094878653597	-0.519430163399604
-0.164238720691425	0.889872341770645
-0.926227080047123	-0.357588714666282
0.106839990162059	-0.474960420595872
0.695617294392680	0.754557077444988
-0.191386680345633	0.901526833368407
-1.12242504673938	-0.198090702562234
0.829571289422697	0.469211386870978
0.923666367743189	-0.354818646841306
-0.411612139368775	0.194583962799697
0.710016292628047	-0.667747299965816
1.01441187311078	0.0753057465754672
-0.996248666619360	0.189043856436523
0.457061541610311	0.938894132200077
0.864691687403071	-0.300678652774353
-0.284266341735534	0.508599652055364
-0.690748636661051	-0.657881549490459
0.550548288911084	-0.0661094586620911
0.759443001146899	0.669699570766431
-0.387384672916886	-0.908307041079003
0.276255676544778	0.344993944494201
-0.967032631657178	0.248241959984799
-0.194123330470514	-0.487558843449881
0.468221870779966	0.157487724768166
0.243136738522687	0.964216345037794
-0.554352233306889	-0.292510762728512
-0.496204179269551	0.893438763086772
0.490057616245566	0.863544363737722
-1.05166290463595	0.266942076213346
0.454247425026958	-0.0235784599377061
-0.487272669286738	0.0422778589169910
0.966589437791788	0.0557204516377926
-0.430310913408427	-0.240984950371544
0.485369138778929	-0.0489152128430278
0.388541290032161	0.827939174580191
0.444269983601846	0.0802164843536069
1.02523859099292	0.266378314521748
-0.106058163386651	1.00600939610853
-0.0117287883353860	-0.518932928939684
-0.346671928205334	-0.327784845511059
0.784788854487426	-0.599966423494727
0.544783188967755	-0.0569936430493445
0.490568625365979	0.241232794063487
0.755009203826825	-0.633422878907234
-0.447620160243609	0.0168399114039774
0.941833719284492	0.216694567007415
0.605346052031931	-0.849536059662122
-0.544082125539806	-0.327148192858412
0.434709009628084	-0.191523312093920
-0.820128070300060	-0.547448294470115
-0.0775053918791935	-0.486453542651620
-0.766087220790996	0.656626567426082
-1.08734656905710	0.257840892703816
-0.552473910335570	0.841115670544860
0.265130369126721	-0.326756989865777
-0.216360604144549	0.387581192362717
0.350332770198666	-0.209114814130457
0.797853290895207	0.453754178079863
0.0231075096099971	0.506386136312036
-0.535702060211420	-0.00847209730186918
-0.490104515523785	0.835289684116912
-0.0295462528533728	0.496334460937749
-0.539551918793849	0.0234908747051786
-0.647706908860651	-0.771621149793204
-0.325611564433253	1.01099323136684
-0.967952781715867	0.436671193484223
0.530698391343208	0.773449972413234
0.619208824737953	-0.782023253166739
-0.542309229369689	-3.39349085102360e-05
-0.245645102951717	0.336134069677093
-0.450537516118871	-0.946389364346163
0.232022754743440	1.03387547858265
-0.151333616837412	-0.994647763128253
0.587035870187898	0.871320522404900
0.00259175766973345	0.479061893303149
1.01202568138323	-0.132655337879692
0.296132060412393	0.392796827248526
0.511035156944764	-0.0682181051042251
-0.177998027391080	0.511834060456286
-0.776011622242539	-0.556130024964983
-0.894846700394850	-0.457362540038648
-0.221147233280160	0.386669922450436
-0.0514736593031622	-0.923183755630552
-0.971994271849617	0.0295257385824533
-0.473153444511811	-0.362299726515392
-0.607826147763779	-0.775043670770082
-0.500070882239336	0.108056936497733
0.497332293190717	0.221677578436851
-0.446844817302756	0.290485653575454
0.749557883104755	0.726773251623582
-0.349644730198554	-0.372905911915134
0.288507847355968	-0.484590713790350
-0.439601993500239	0.984763705514444
0.462911234766366	-0.232838863961703
-0.157489542189200	0.964690992683249
0.513169160286169	-0.132998135338526
-0.488233202818185	0.890594731885784
-0.332599836940605	0.322840049701939
-1.05569578878722	-0.385442653951090
-0.444303156788431	-0.158698356364354
0.465875951974146	-0.246472812412347
0.159854071631646	0.458811457200864
-0.521530154010215	0.164591300617393
0.596667891500495	-0.746582529918980
0.954650508423524	0.369992720377490
0.753984090661889	-0.627018785644705
-0.458747002455104	-0.0917329137753549
0.588544345994645	0.704070442938182
0.179075081610698	0.996262684444546
0.432661648327835	-0.213924528185475
0.471357727842686	-0.863607613559837
0.882830146913691	-0.488343871326390
0.380918173367667	-0.360512982965681
-0.626729953451680	-0.830162950073223
-0.524335359927870	0.0868356225333935
0.922178145830354	0.287508385779874
-0.00600024125514092	-0.445769343874657
0.970658183915901	-0.0443240589926741
0.256996915911998	0.972834948409434
0.411593013533477	-0.0538228051398775
-0.821889402773497	-0.602833419495681
0.911710625617725	-0.533274181885496
-0.501236995135704	0.00593682007100606
-0.0429139401443723	1.09829110350818
-0.767209496898217	0.582377187901216
-0.487471029766831	-0.216246514177742
-0.240778021422996	0.420581366249932
-0.345135375540201	0.376032234846103
0.366527084315724	0.421804043486369
-0.974457676420087	-0.255220453749210
-0.0640813497374555	-0.525015788481743
0.955459228062282	-0.270026511670375
0.187149227304620	0.417220084711211
1.01460178043371	0.0552427556132868
-1.04056014266712	-0.380381415144300
0.246545829766196	-0.426421191897879
0.504221196759386	0.0548688612709739
-0.908748211669480	-0.399455901904252
-0.303486158188329	0.974436358730240
-0.262294309163995	0.428986503499261
-0.116671472282992	0.468918295541762
0.444631302479392	0.377634880601340
-0.219251662189114	-0.405664157399063
-0.487425700069387	-0.155834558708146
-0.348036119444975	0.366161548561999
0.507886682496063	0.877649378026232
0.406069162605059	0.933453153215812
0.532394384666305	0.871744341839307
-0.147367572518685	0.506740539953396
0.960885842359562	-0.444082390353988
0.781778009270682	-0.726385973529365
0.0302303187878810	1.01067698253186
-0.0808090512683062	0.991493805543621
-0.223249949100137	-0.317943693014384
0.0696705885075692	-0.563596239233743
-0.297713951564453	0.995865863984050
-0.295775418618367	-0.364609839240722
0.481870390306486	-0.941751054718246
0.182629676905725	0.489310526380417
-0.100380016017991	0.419893736760483
-0.458917165748458	-0.163783264664036
0.467286241619827	0.232844908559339
-0.750861906463599	0.574155684038451
-0.278780966040118	-1.01366433719261
0.954951919476931	-0.198136515926648
-0.248002199782928	1.03113027795449
0.513041422896924	0.0901607992428649
0.908975765178313	-0.191414633295703
-0.360254665543383	0.966535996460332
-1.01274026343857	-0.377785686324047
-0.212858485425669	0.506647674700227
0.279766182802701	0.411602294558775
-0.263318252077446	1.01256429600000
-0.675470235024279	-0.727422852934208
-0.231707728478272	0.477728845991057
0.303725862154020	-0.459388721327951
0.402244533240914	-0.338256087481387
0.209220273886223	-0.912132723154378
0.836936425103066	-0.434024504588357
-0.639269355620999	-0.760462215700001
-0.293563373183707	-1.00856130962230
0.269321297221374	-0.292749619362242
0.290617009036435	0.886964422275420
-0.274894728213071	-0.951199678917244
-0.0913730828321967	0.584223500485613
1.01012267580088	-0.0795052264101980
-0.369998524947279	-0.264507893565217
-0.155142188167595	-0.542615245963974
0.904936078232520	-0.398992759891661
0.246781646815130	0.516744330084169
-0.464114601624162	-0.0113739399101281
-0.0320429727087498	0.452863431038860
-1.04764632969317	-0.0214842741038322
-0.335510775554464	0.366316879370517
-0.462344035217283	0.352631198280076
0.418376317927677	-0.947207501396999
-0.252732016551761	0.446962917180499
-0.861018589730084	0.387857261631254
-0.961166613047113	0.276065876627009
-0.524239992149602	-0.246076964287013
0.534174684733525	-0.870602657278557
-0.663764182987764	0.725224409570745
0.135780826689196	0.472852216540708
0.423836875378075	-0.145576234814794
0.674010095858142	0.698220644648176
-0.857048827516110	-0.396352781669379
-0.434583144755490	-0.253969963729256
0.302188177769229	0.886852098472113
-0.411399408099563	0.861841354762394
-0.621690527362893	0.108274331101115
-0.503392529319755	0.805486127089650
-0.599274718179524	-0.833059831309387
-1.00382525857310	-0.423967271857414
-0.878941450655160	0.642374191398763
0.416321678842805	-0.954130959657965
-0.437200485267314	0.0503718593911309
-0.659315057482036	0.690933613994063
-0.0361559781179182	-0.429090563135042
0.0798619925916661	0.343012243498431
0.489973894021113	0.147030243777099
0.840397318915714	-0.616678174120279
-0.431440949800176	0.300364984877979
0.769604085520783	0.678013977167827
-0.992799148900289	0.0287686680389947
-0.220462965402634	0.488229871728768
-0.461275232398927	0.924078913672303
-1.00373414698331	-0.398547610704318
0.997891487225399	0.0100327397672004
0.508071890500990	0.187771148707082
0.961283006146857	0.359284506219300
0.426815405131533	-0.229407108288772
0.337999692873979	0.312132289093355
0.491882085394229	-0.218275866691189
-1.03055233738019	0.359006597860332
0.316177133782077	-0.358847324972870
-0.845392623916550	-0.547520803515944
0.317981300331846	-0.518639492905291
0.438084459968562	-0.163605873292377
-0.182133369758529	-0.987199137764505
0.618528664121766	-0.669234620388784
-0.381457046063072	0.952496670828000
-0.456724685069457	0.318573234276553
-0.434295737015466	-0.242020133764223
0.524030180871435	0.0921352929617967
-0.473107741990658	0.146270408706451
0.964297876419826	0.192138750107115
0.346434152278005	-0.865275096049586
-0.482944429652570	0.297614309242815
0.537787263513063	-0.138156352112365
0.128171884881864	0.536069105990681
0.472416687102774	0.345219176902402
-0.599488230624791	0.767647494207507
-0.508021189462698	0.0258656781305337
1.00980908065314	0.297832670356724
0.606003618468087	0.807945513127342
-0.412204048064171	-0.783973253894935
1.06153793172827	-0.321088520383325
-0.448559968579976	0.834990626443294
0.184110906874062	1.04204372834922
0.407966443528127	-0.239776416313261
-0.880732900163420	0.469908625308913
-0.520590395065162	0.151258167096020
0.529182869608606	-0.0283012637098638
-0.471820328582332	-0.0373284920629758
-0.772091443072130	-0.640479500490502
1.08336788183371	0.00746063492782627
-0.440761647480049	-0.0519030880420773
-0.0663441156916592	1.13143043467899
0.569757166436213	0.665178331383140
-0.518062446792327	0.838142773794790
-0.662038053563091	0.781170873804025
0.465641046249812	0.000588128175542078
-0.450139044559572	0.0914573463752206
0.555589725325663	0.857045694878429
0.0350243053813550	-0.428788466091120
0.940014562577804	-0.218148926851314
0.0748873112585717	0.538418114435017
-0.438930628565625	-0.150200238949238
0.936436961684093	0.201662704989622
0.579134444989324	0.883758908584576
-0.161550070900645	0.397578748805655
0.0752101268099154	-0.989714465950148
0.912756160739060	0.670481618543274
-0.583415530929136	0.762532591752967
-0.941668797470030	-0.276999408853591
-0.952455948684556	-0.214569842335533
-0.356720568062817	0.424637326274247
-0.224634994424836	-0.895869891309319
-1.08913610421396	-0.0315110346077162
0.947570639928545	-0.368484410059433
-0.157153203889487	-0.543148865064045
0.454045011416284	0.0690200834656858
0.0540762874477801	0.480068087835979
-0.461953024622496	-0.0200001680842722
0.388728605122566	0.957525689770395
-0.284377231770707	-0.479984675428778
0.887588872525324	-0.0690169343840740
0.491573924532282	-0.0182135508366785
-0.437058675920270	-0.191614610868778
0.666193327252450	-0.706811427833713
-0.0749329655690110	0.584202572879052
-0.784703880479848	0.458470863264602
-0.479331246588815	0.857297826096342
-0.0748333533242347	-0.381168946153166
-0.668265185434775	-0.819367007844892
-0.374010973677402	-0.330126305636691
-0.563704503026718	0.849425247147739
0.126030124094965	-0.544056729820011
-0.535518220955028	0.0919795549707124
0.285946556968951	-0.424716001199839
-0.376407510706482	-0.915845374729408
0.544300395424422	-0.108713126423056
0.158415720221530	-0.519479690009111
-0.124921516996244	-1.00252471925396
-0.0219153912144424	-0.561285440647236
-0.634976971290579	-0.570132269920936
0.851218469032737	-0.579883234684101
0.229374545340765	-0.479070045144061
-0.466614759010685	0.250878805402943
-0.423206321188894	0.0297099801303083
-0.313450348409345	-0.443072923386594
-1.06871395919736	0.268844717314131
0.101380898743233	-0.477299171543405
-0.390155783611943	0.336786315844226
0.420803444362691	0.144267801458839
0.448925703150402	-0.117613860323417
-1.05308451719638	-0.139979420498300
-0.434011394996613	-0.390890514028888
0.161239517359522	-0.494426544441062
0.462648706728453	-0.233013980596894
0.434028650687807	0.309130248381489
0.851550772520282	-0.497157019250449
-0.636252006867221	0.771488137592299
0.393457393406212	0.377897769277219
-0.971403104425229	0.319278608063342
0.450553082827892	0.286639781489444
-0.361381680056804	-0.436770370818785
-1.00239565611569	-0.213736890353912
0.0175562034679281	-0.957752148115918
-0.916106282189484	0.461755330309344
-0.779722291093689	0.657285034361183
0.133964747611549	-0.562521820177602
0.289971461340828	1.03061750893576
-0.378131410479988	0.308057292310967
-0.440842654428177	-0.793015412152935
0.560868528530407	0.664546328127602
0.255161890194432	0.475101205226621
0.518207707870256	0.0507244033622618
-0.795855314348414	0.564891886520199
-0.00285930608394279	0.471194014917156
-0.303215738787989	1.02334790451809
-0.394491397847885	-0.0838365586673690
-0.143927962651792	0.943094481763920
0.855248633589122	0.554433365052156
0.430497039374125	0.166702676836998
-1.09581876402294	0.189467957322506
0.00414902458083321	-0.549596656745163
-0.349698738957375	0.389340798073664
-0.329997543699127	0.184154681899062
0.256656475578120	-0.328879958729868
-0.0893494156110889	0.555900372571803
-0.323039309275339	0.381170507024099
0.854852781728748	-0.516432903223224
0.433784122733760	0.223866547112054
-0.316104557695522	-0.868346973727429
0.163533053973034	-0.897273759092129
-0.0703607686911463	0.449819663978118
0.490369649529387	0.353744315104664
0.413958689233310	0.180340623685278
-0.452226578352064	-0.160973615164611
-0.272557519919370	-0.410841297704311
-0.268718099224574	0.333001141490499
-0.308959021466553	0.385369335558231
0.169912325785942	-0.453424098454225
0.307011210726098	-0.881447427342748
-0.600825080362502	-0.171175614502187
-1.01683376015334	-0.305580878816121
0.800871690557048	-0.547261036992914
-0.707087002024603	-0.759672828165039
-0.0582533151401589	-0.426667940247605
-0.153341253910730	-0.939007884358231
-0.913848435348593	-0.302204230688392
0.390664214384187	-0.832331239908289
0.621808654478285	-0.782129479614770
0.0454836456215178	-0.968377690880099
-0.380053800828847	0.950229560508457
0.0193159128744693	-0.882480257289300
-0.416893182823256	-0.151713264294470
0.150958788776398	0.990996857363927
-0.647127890272595	0.829904801391437
-0.307088655952756	-0.387125158763142
0.389018266754944	0.884139003100547
-0.607230961408103	-0.0272950425923751
1.00340047375360	0.388934751425810
-0.890024188333985	0.137917347712521
-0.111465895228483	-0.981472676027457
0.243576782787004	-0.907752848005487
-0.648364534197071	-0.682558406775056
-0.482700733049695	-0.165145343928298
-0.471881490888165	-0.938682424169638
-0.0272072351648199	-1.02030834190661
-0.763717529946154	-0.636053967184452
-0.0206507751257126	0.509421815933638
0.636847460539784	0.739713377210119
0.609754565693305	0.124605327413569
-0.501398332958596	-0.762166989920667
0.506523391504776	-0.826885071341681
-0.531721722874058	0.138925907746543
0.154615664316833	-0.976193588571026
-0.653941459673149	0.877682392935413
-0.213212087993680	0.940426355803281
0.177015201916958	0.371798616515562
-0.355220539672838	0.373022929313414
0.372094192925375	-0.325925585406788
0.424434756242581	-0.351491815029628
0.378394594458128	-0.249418219014272
0.933461959733896	0.523711166030541
0.988807245336283	0.0475692758747908
-0.624722766009193	-0.807491659054031
0.971450530147398	0.262267550577132
-0.998060468202768	0.138601021332211
0.314400227789650	-0.274515759465553
-0.00882014368843279	-0.984990146816219
-0.481702966470149	-0.00127280512791512
0.288164031188169	-0.892169170971964
0.234202174685420	-0.899303632034707
-0.204049720040866	-0.968706613179201
0.286433054862261	0.417364101661724
-0.464169448217855	0.142093460196876
-0.235458223481388	-0.482126732688290
-0.489815413591512	0.146747257866862
0.522967211628393	-0.0900071174745115
0.400441000973714	0.176507037378661
-0.752460734987487	-0.691438035519345
-0.461823877271635	-0.0286232189172865
0.421270465027896	-0.144802499932095
1.00701039902214	0.0297940720329010
-0.459038241636759	0.356074629422524
0.0796584447173044	0.473825245013618
0.445341791377483	0.263210334396502
-0.184294614346296	-0.455519768941953
0.516300446496729	-0.0752476344255657
-0.0165331542731236	-1.04856025825662
-0.811779651272955	-0.602555955209765
0.924045358980962	-0.431929978344886
-0.820830263789570	0.539318867873251
0.470378410816116	-0.106212421795542
0.787151186270452	0.515203232211785
-0.458326763391532	-0.162070988864274
-0.238063340615721	1.05898733168752
0.247069726160136	-0.536928312526775
0.513569018640922	-0.847454002428527
-0.926961863563219	-0.251318659149564
-0.282215453319181	0.491869544096899
-0.540969418774332	-0.844376874205611
0.812187272555674	0.542622479487092
-0.581711973845425	-0.911645789839454
0.151036539467010	-0.483010818040240
-0.340024737893741	0.341836204668937
0.419640239675665	-0.371366184421496
-0.581783156511361	-0.805295462324957
-0.380554732407678	0.232472653843664
-0.865656071372473	0.576487691330685
-0.0135253802755084	-0.962818953813780
1.11852619365377	0.163829217453402
-0.458761133622552	0.0591016394924687
0.901759752918241	0.563809908559514
0.413278751350728	0.178324623269979
-0.0818900164930882	-0.464686887215801
-0.272014771134485	-0.466850389763527
0.986898563033142	-0.264197138748739
0.510391582157590	-0.332988311074422
0.0872357232903272	0.449812670716619
-0.531682563929609	-0.229802609822317
-0.829541918948428	-0.481152211536929
0.299302186688979	0.389520962584033
-0.310348643935664	0.255408894066639
-0.367058844888260	0.304045017186464
0.968514109253401	0.244716815429481
-0.765145337570741	0.626153643287790
0.0667339217382392	1.01430288200671
-0.587621276305743	0.746450348806516
-0.486189843795030	-0.186488022469536
-0.640646165274663	0.784994361611248
-0.559373498118160	0.168538174523814
-0.920872832502317	0.0487829131621903
0.928874731269602	0.266996237662958
-0.981981881507881	0.186547031692357
-0.101723109153728	0.972810054826119
0.417846343311445	0.325166461402085
0.485487578212267	0.126151530895210
0.456434855902678	-0.243195962853018
0.507901534758997	-0.0993196053761302
-0.512066749487472	-0.210919680643171
-0.101832943535763	-0.975497154415124
0.143967045414496	0.436733819976899
0.335497597855857	0.440858455819367
-0.334054349109627	0.293496406883092
-0.249980779226093	0.384399707098119
-0.961057366886003	-0.0929234393805733
0.276029875548240	0.433150147824335
-0.0523377120831516	0.474251420361544