1.11933702660584	-0.557943135261813
1.22987638711071	-0.528368804626717
1.16437345996446	-0.401637348689883
1.31143990797361	-0.516851298483244
-1.02590270064783	0.302583364815825
0.578458243861953	0.904954366413908
0.519780486733251	-0.470236843737832
1.33532013404301	-0.447422366779868
1.37190562831559	-0.428009651939044
0.250816619943782	0.990614902494798
0.828604466058378	0.359995021010729
0.984795955096198	0.246616370100299
0.984606993694514	0.181434015122647
0.651317305562024	-0.480348607080980
1.18777100678809	-0.519453587000949
0.195310589682059	-0.115052792994549
1.31433369200647	-0.452750897923019
0.570952327876592	0.688863402265582
-1.05113952372168	0.160551230178334
-0.901659998243576	0.547713711568161
0.319300440957544	-0.173505519134589
1.14155716031754	-0.403082928665155
0.754176441151507	-0.448266643039398
-0.00854241302677937	0.321084183741089
1.89873606236877	0.0856770543826593
-0.0202606366253416	1.05260864263533
-0.756236545917805	0.584227639245339
1.96788470761625	0.404134095619454
0.496758435303826	0.891012752660876
0.725187478087353	-0.607765145331369
1.88944839149911	0.0487718017880803
0.813510040420580	0.642169092334983
0.787564807539028	0.405408759986384
1.45525539060001	-0.427321047789072
0.598508557716199	-0.368912903902900
-0.988493399821613	0.316439814702293
1.99711532337266	0.415339999898857
0.740170780981845	0.736240876635708
0.465912443502952	-0.392433119899188
1.52698782179933	-0.531195248720082
-0.667237277595235	0.772058429406086
1.81960914844141	-0.108204853107367
-0.940582313692506	0.195984366020692
0.401096195106346	0.818363904482802
0.360658252471324	-0.301238552583161
0.577421926811285	-0.441867698078235
0.456662461087036	-0.355698460296858
1.54497976595999	-0.311970346016221
-0.261462575113305	0.946220596324522
0.819508521566937	0.536772225341064
0.0887365209770584	0.937978755096640
-0.600008025984693	0.774210962487161
0.281136778945096	0.924613726828451
-1.00156030368743	0.253701988558775
0.998940546099192	0.0841829674103682
-0.610978012985307	0.726620146691994
0.797919858085357	-0.493473205701367
0.815889645105086	-0.477398312102498
1.46659441823022	-0.376027355700448
1.95964660023753	0.0464480283553659
1.86494259854603	0.108583751524453
1.69283552980079	-0.197950331848642
0.123703948988179	-0.0191946317713694
0.717375573860650	0.721768815148526
1.78500923209908	-0.139085432059589
-0.987669698177467	0.0941600267501591
0.443606553909776	-0.306275108233019
-0.874033055910342	0.386901217090067
-0.772296829246099	0.516977976856183
0.908386678927341	0.391298902703438
-0.880596910778621	0.413812189241330
0.0111966538258116	0.232601310612645
0.736324996097810	0.661615139414400
0.576997038150122	0.753094615299108
-1.00026980097986	0.170716721889694
-0.474496089284140	0.786364525567351
0.711842290973808	-0.499412240712217
0.767566133263251	-0.523816360352445
1.60024636383762	-0.292404512104465
1.63779306031235	-0.307782697656493
1.12003000724534	-0.433654549814927
-0.347810968831685	0.967216843869079
1.00623322363692	0.0420461014120640
1.11116950983708	-0.549604563953335
1.72818046802404	-0.295022884483691
1.65425659845518	-0.347969444778526
0.944752409191694	0.382941012945944
0.217682513277006	-0.265995626255546
1.93079002396721	0.328913741522103
0.778085279541352	-0.531884808994027
0.236993518302933	-0.0292910680754359
0.689432600309464	0.780509821188214
-0.378746239717659	0.931918443304422
1.00049718168173	0.216964867964906
1.61762526437362	-0.298488663330086
-0.451936947402275	0.913512141362889
0.913701564008683	0.276983219380154
0.937004081893850	0.455624286220130
0.440633263714343	-0.404048317424118
-0.223809461419679	0.972609920538361
1.03732521427528	0.170612753557180
0.172046431275627	0.981606031391012
-0.162723288306740	0.937647578180081
0.0890226212789539	0.332789221528456
0.0419942904261083	1.00649955785897
-0.0141462013349894	1.04053925519862
0.0864834785294925	0.132354126121798
-0.0627868812923262	0.954963107279530
-0.832042171201789	0.498531330950415
0.379973017696205	-0.271820560473522
0.250295480795922	0.923990210531171
0.135962892341435	-0.0225598993426443
1.83032600293168	0.0151899779518207
-0.00561854391749813	0.379168075381859
0.881876040478182	0.604463511642490
0.995296963075473	0.375386723390436
0.328997257565346	0.917504902421203
1.81206961315360	-0.120643854899630
-0.630219374041539	0.734353002249124
1.26778116174199	-0.428975205461457
1.71303347099557	-0.276228965300012
-0.658518542990745	0.694462131588685
-0.389759881294335	0.979015641805780
-0.637923180972873	0.763250608400609
-0.612644112221130	0.847657086017276
-0.638814973322629	0.788606849484331
0.659138864481216	-0.454462858171337
-0.901037043524499	0.477686650189145
0.949269937102337	0.204820234715406
0.890531047434035	0.427402718338978
0.748122091513336	-0.416202631968098
-0.748470530225096	0.671460756790376
0.0932253912636864	-0.101262231205481
-0.294763458557728	0.945175847599461
0.318856238121056	-0.284701748433318
-0.493693368952619	0.844050866737555
0.926703915543531	0.383974460706407
1.71321312798703	-0.157028996651217
-0.0232325314116440	0.396735335684517
-0.0419240226128083	0.474881013048900
1.28841403279818	-0.419501897892446
1.93633227213106	0.431742707445826
0.620860601106135	0.713176245490520
-0.960543371372374	0.264338635835887
-0.797452148221815	0.735625575471452
0.243444265227665	1.08867506455117
0.176515150926789	-0.146337806816930
0.0367993422854008	0.348332952628821
-0.497135238488629	0.750139264376077
0.972323486577903	0.0660218358647225
-0.824619500499776	0.574942126075261
-0.517371554494141	0.816007467298188
1.29409408951737	-0.401346463585512
0.604038044477464	0.746865703606544
1.36557939197115	-0.438450299602315
0.317950778883159	-0.316722155595966
1.73694832886068	-0.165457581622277
-0.900835217174538	0.379005088650534
0.330104557864582	0.854369505130398
0.191661334482493	1.00422431455856
0.924095855942740	0.296458953858145
0.514115836826426	0.850508368900990
0.397903747520290	-0.283586206022967
-0.639349178688952	0.861411596171845
1.88607664897189	0.185636129571660
1.10233341724098	-0.389480900591413
-0.816688250390888	0.641842246220505
-0.0765529688136489	1.00242261889298
1.58270121585411	-0.328160908984704
-0.686944308315080	0.760938464792961
0.281088148345886	-0.129962798958708
0.795363377400675	-0.527681606780481
-0.836491188280503	0.634557162672970
0.424850287826399	0.952160919795202
0.0952743719358180	0.0466316896235867
-0.0993796848534417	1.15524336732335
-0.877614906626869	0.573152088836518
0.0999221403932176	1.03077864453592
2.09279734082170	0.431407389933598
0.417902513980770	0.959806612043918
0.0338582230955942	0.391485882611716
0.287061935630755	-0.234986809780617
-0.833338602874460	0.624790734481806
0.557104982409512	-0.353150066861495
1.93794842497776	0.452452645703135
-0.964327738054260	0.267486294462996
1.94713056904021	0.300329381182135
0.959097650144019	-0.515280683098093
0.787917197544181	0.667982956184647
1.91803272015055	0.330946941782443
0.201403278504899	0.938915031202403
1.55635205116192	-0.320901713034083
0.675386152559490	0.777256966874942
-0.160223980777747	1.05293735306495
2.03216858536915	0.298816655121322
-0.904955453069954	0.475391485928560
0.579218004240089	0.739936278195273
0.726913859454945	0.722204400506124
-0.0903054813368741	1.11709335365164
0.0523057719409804	0.295609218010571
0.500579564298652	-0.382850285883148
1.62150489307024	-0.270587459023802
-0.228298716886241	0.960795150189412
1.34336750405745	-0.432861981220353
1.01197698448645	0.0682357384603889
-1.01019549982746	0.318421499466876
0.871174715910576	0.140070130352893
0.822937754432584	0.448213707944663
0.472785829493804	0.903403096624359
0.0350244571577368	0.952792433907001
0.686594617879122	0.834601256068726
1.64783729824407	-0.172024087230417
-1.01420216318950	0.262452244336472
0.962690804465906	0.133932218167007
-0.0373837111413025	0.994053188262868
1.07383809373132	0.255061013926216
0.0741008004792029	0.0119776566922481
0.976455796300342	-0.485943601721181
1.37972312448819	-0.457799320081486
2.01751815785143	0.491909837934108
1.01313357190815	-0.478386207794875
-0.263728365755732	0.950164750559413
0.869755298552743	0.525491261881619
-0.929763748411705	0.409222807779913
0.0206739950926548	0.150077806307393
0.708757552549329	0.710563175598673
0.417480354268002	0.927430838811872
1.08451926171398	-0.542672458076810
0.719276238431368	-0.402100158266693
-0.963983820252731	0.187510146453666
0.598426241079701	0.713272332131017
1.17640169403674	-0.498388446576380
0.990899968431129	-0.517643388031585
0.682262835660362	0.793106754133030
0.374622168493603	0.948829002524428
2.01648024126138	0.196826660852200
-0.932613566668268	0.389814135518758
-0.489058420694897	0.852668818864559
0.234952838335976	-0.170583271110779
0.0569776396332810	1.03592536283731
-0.261510925966531	0.922719406356432
0.167943125455109	0.978365312526212
0.456991213427689	0.789329817314134
-0.141254993151679	1.01920525300553
-0.455218441728026	0.848295322900663
0.382178726060093	-0.212091865355216
1.82913968538895	-0.0869975590084114
1.99758421821436	0.327327859630470
0.461262160552288	-0.419960259602188
0.623193059485180	0.802078678416729
0.863609344955401	0.435813334931357
0.377244901852562	0.880338329755817
0.0799034031960132	0.284927092621024
-0.00118084045668113	1.05352086596709
-0.756297315945995	0.785554588385987
0.0199728068411441	0.256747523051463
0.858474338291424	0.550368436541785
0.380100392806883	-0.344250865480370
0.891934660997223	0.490025493070216
-0.987802623466235	0.153996421787144
1.93828599204278	0.231988008122351
0.133372479026160	1.01228580532775
0.862046269718040	0.486111150980291
1.00194127575322	0.156105103691223
1.99116018751371	0.187866816497199
-0.401366410346488	0.905782945008117
1.00364924601747	0.140100905599425
0.136407741363091	-0.0945451642006045
2.04163799243880	0.318241170293921
0.665392302699334	0.653111387985818
1.15834409342864	-0.449412887840115
0.237293173448373	0.0870833650750200
1.59663980828656	-0.258302933964023
-0.0491960696496245	0.578187172991364
2.00491103647750	0.156495367637550
0.0773089284270226	0.462803846684924
-0.249652647724024	0.996601539576728
0.0885569403043434	1.02817113023901
1.55985000136061	-0.399551769855308
0.180722875653281	1.03143962131383
-0.441408273924001	0.881752896680321
1.84705366051057	0.0748472565456246
1.26285786159680	-0.534858429905011
1.64241982181810	-0.153532349625747
0.865932268257931	-0.416611972487707
0.00949761659545707	0.994140979290968
1.96905317884414	0.435760505689297
2.03530324461323	0.406078481203690
2.09020678019641	0.211472469691534
0.359496063907418	0.877138641946714
1.85012814113370	-0.0383010782166583
1.59795384390903	-0.308585774214715
0.953827964753177	-0.479952446349930
0.764758518097525	-0.460433187668541
-0.362332531845114	0.988997786059376
-0.962563588172302	0.132148455259345
-0.864887582873535	0.423918261554221
0.191438887129721	1.04333187378584
0.0291185991507045	0.187963886481322
0.762121444494610	-0.499161865663728
-0.776418911722763	0.573258104255520
0.143190960684109	1.06602072792235
0.893088218658665	-0.499310364788441
0.377357199151822	0.959243315480082
1.39026517352367	-0.466119635855984
0.951345982905374	-0.588851197325975
0.899267426411278	0.456884113615743
1.89253439720220	0.174655045913845
0.00490082971083686	0.483848881075725
0.295276838539922	-0.0348230604777463
-0.206295797187314	1.01534312100508
0.501711148686102	0.808123835665092
0.641738262001231	-0.362358424972901
-0.992861673505300	0.287973286124451
-0.266184237746788	0.860677239790197
0.476207687910365	-0.460213751390925
0.352736052473937	-0.234293467123949
0.396785934859128	0.929904561120233
0.505037561068893	0.769186905006691
1.76139069286579	-0.0569686190250605
1.46222247041669	-0.373875668187819
1.87031845160111	0.0888748882982887
0.729531612562733	0.746212803382496
-0.915082912425913	0.450173790956031
-1.02551514289644	0.224958546296463
1.57438447396719	-0.355722033406717
0.785792749539812	-0.503209215751960
0.0351271262021603	0.319618151952759
0.114975545580866	0.0459838385589714
1.84988984957949	-0.0369002344204221
-0.479244069048983	0.816517166412260
0.469591011676405	-0.431263031329719
0.974675702261089	0.110532590211037
-0.678436664036208	0.514100071451236
1.43042072335243	-0.275808108192635
1.03925013831885	-0.00164665727795076
0.253304447825003	0.961208544586602
1.33986955576261	-0.358388527729235
0.684863589057155	0.788498343332804
1.15672503980227	-0.416792521961815
0.972106979388767	-0.424771609204804
-0.0135992077915224	0.385951276063373
-0.863864770912814	0.454889187128546
0.862311997061708	0.569627644257004
0.945955112739068	0.293642085034434
-0.440502320930874	0.841427924488707
1.06227026726121	0.287140389938932
1.11166305065611	-0.520922235287062
0.957912974663027	-0.483123684387493
1.96503706070122	0.0395393572305706
0.342704946574114	1.00023471087184
0.570041179327780	-0.397169296495093
-0.271010084058269	0.951724263986093
0.394619517810947	-0.373662193086077
1.33012211657569	-0.417613753608838
-0.692439599718935	0.709548692700197
0.535933899855689	-0.381629914404175
0.0733525193360873	0.0740704465712260
0.0656664560573571	0.209386263431825
-0.217354007840161	0.968683435926834
0.493612152572940	0.816437380914848
1.74064681203034	-0.249045722958997
1.54990259658350	-0.314287040067785
-0.645482169344921	0.775232754143078
0.147671816025440	1.08010876217437
-0.927712550974179	0.242919997133463
0.997923326826468	0.316196780089236
1.06853020227355	0.0548644606376390
0.0496077290007650	0.289309683429304
-0.541266044535537	0.835687213714745
-1.00673556136667	0.279107160690323
-0.239628574165411	1.01044567512980
0.423631945184815	0.831298859278761
1.59143992417820	-0.129445129721825
0.954199164679256	0.249700735984931
0.900739905735434	0.275925222861814
0.105767561160034	0.994622135797892
-0.0391585026739004	0.375764987331318
0.109738600091385	-0.100156387813996
0.830703965937693	-0.494111411834821
-0.174993917331205	1.05995747184612
0.421396556667345	0.905615925995380
0.240470442111852	-0.167927604503365
0.922796545500248	0.366059635780314
0.256108626837333	-0.186684019997178
-0.575967096598769	0.768841261892510
-0.401134813594105	0.867225225439180
0.996972299406760	-0.0217954121738680
0.0763651965596629	1.05820666174969
0.102889982316775	-0.128186556936286
-0.180886313937507	1.00059864976767
0.121534692571043	-0.0794646488741533
-0.815163778695191	0.447761642623038
-0.264920451001162	0.906803425784416
1.12660477633204	-0.492753446022310
-0.971454013408337	0.151069753880770
2.01064141852042	0.268185746412322
-0.514682042559395	0.909085353678423
-0.200908114597626	1.02072442756929
0.0751587378493154	0.158462498546504
1.00030729411672	-0.544905427692392
0.0586846764832246	0.994138945242122
1.38523144348963	-0.403269134853511
-0.368569341557883	0.811411843058494
1.16213884194592	-0.421405209750015
1.88586118213186	0.227110246574922
0.896626687331851	0.297430942918531
-0.0528822662182791	0.980717676412140
0.999751328198998	0.328452212494911
1.85828227680192	-0.00487376359431840
1.03576036910659	-0.468650036795923
-0.938698266815900	0.307613741401221
0.526380841020287	0.736595454097454
1.89643883117350	0.0422793049084893
0.762553165219997	-0.575135572504641
0.611089340996259	0.835582742409610
-0.336004681243613	0.926118282306239
-0.965802483267997	0.322280167863730
-0.106405274486685	0.443189867468338
0.621758583681184	0.744344515360762
1.84952619408651	-0.0494722035431049
-0.679158204026522	0.574337948683619
0.569918146650815	-0.397169547586656
1.02755141419361	0.0821632282151467
1.35870326505878	-0.396436303526162
0.722924138680539	0.657115613098578
0.180559251205359	1.00774504065191
1.17900573624435	-0.457911735060200
2.02959494878998	0.372325410573065
0.487505257047747	-0.279114825458043
0.944575741308897	0.281429143365371
-0.586698565662401	0.853970779259707
-0.994377227384499	0.0600829970230416
0.231648242633194	-0.121181255256945
1.10599321058168	-0.468590858846804
0.319063171114208	1.05236783657582
-0.971343263732238	0.279675438109227
-0.963327086596444	0.148404099403859
-0.938380345730117	0.367168563610355
1.90478095362368	0.182594923214337
1.75696933713193	-0.306704466297910
1.88719451757229	0.0600300300860728
0.210670688853498	-0.107237043728044
-0.909474084673507	0.197114846884305
0.999924008705427	-0.495629663648670
1.64972996245368	-0.237464331828705
-0.856534579463920	0.455667298099209
1.58951856185793	-0.314549917308037
-0.908647384108481	0.419049939662585
0.702712488415233	0.781127066219536
-0.0111141481524888	0.368859063266390
1.81206068726911	-0.0545092069088133
-0.885831102157777	0.245329607231570
-0.847638091201574	0.609198147802495
0.933010344361295	0.439834719823129
-0.449565481425975	0.834579827212346
0.959832383963676	0.361318763567688
1.00628826210500	0.208654515746580
0.267536073077130	-0.159662782604531
0.383305101147235	-0.304758572433246
-0.701515875303417	0.751051178218586
1.85494050154944	0.147209657248750
0.129949863235683	0.941385018208014
0.105755526530312	0.216674941275590
2.04454896921616	0.125249623956464
0.574145197106904	0.923282302141439
0.00796888236455209	0.376266583203376
0.140004477512777	1.03889008015133
1.57338266488611	-0.349925487812673
-0.0493734231084555	1.13577436409776
1.21262835369223	-0.424183578160913
-0.812487217833124	0.674026372444143
1.33837154904697	-0.442856354954380
1.97737757573445	0.414733446369828
-0.479553627319295	0.900480815474403
-0.696113912444506	0.741307427154815
-0.780998907715127	0.403177747691742
-0.497504721264475	0.749127791187071
1.99496769579419	0.298532253326955
-0.507614985798406	0.861214372851416
0.170444392308313	-0.189706795563406
-0.927341077067021	0.389755468898388
-1.00296133573607	0.146551491904861
-0.197059622647932	0.989177854411349
1.70682666996166	-0.146719338115019
1.04774974101337	0.162380798639633
-0.513902293336245	0.854135728503017
1.89559558424459	0.0734260569706386
0.188912482418387	-0.0644491840237118
0.474827211250713	-0.364891202118761
0.652328888483501	0.843820843826082
0.519027659684467	0.825062094482816
0.633732059060438	-0.390639561867595
0.843462747728874	0.617145123606996
0.695547434223774	-0.442246981973269
-0.0470690815231798	0.171351718148979
-0.530002031206911	0.817562371169632
1.72625181287242	-0.130341312575546
-0.684693702985307	0.775196797716712
-0.639580120438803	0.765392649907404
1.43921696358442	-0.365944403775050
1.04611783173429	-0.480292476201076
-0.679984833090902	0.883148767708370
1.90305975529464	-0.0459992963152960
-0.323931344629426	0.914029505279899
-0.799260657629423	0.602392543235680
1.08279842403521	-0.466203140264950
-1.03660938193455	0.317580079572226
0.992671183553264	0.114244770874424
1.30772871798712	-0.498706921871506
0.117508622002535	-0.0643001775408304
0.958881776325109	0.214862025219706
0.902710967297608	-0.479614706598089
1.79206517276914	-0.113439914266157
1.17669835458614	-0.464359549035522
0.0158605691277608	0.395275510080693
-0.703866724743860	0.643241660061227
2.01091607717260	0.451094708885154
0.0813795109083865	0.973773482729476
2.05016640006053	0.456305389358263
-0.611544474563370	0.804992936140244
1.13198762576502	-0.433127107025541
1.01933651762591	0.0949499719018430
-0.711111185274711	0.748041960985230
1.95940269652970	0.434307674591160
-0.846748206278550	0.567378564999770
0.228991481174709	0.961023990840597
0.741791001627020	0.704887631295809
-0.0896098241029487	0.967852408722487
0.856093696491900	0.650046275922324
1.49483883632089	-0.296771904768759
2.02324912715178	0.293436455590571
2.01840377294943	0.491702942708284
-0.980209728109655	0.154498860872506
-0.883479215481535	0.336139470835706
0.720309878844109	0.568904957999353
0.242861241763905	-0.274119331355862
0.223558029796699	-0.0358259055121478
0.0521565869938322	0.0926408261526881
1.91001217987524	0.192673419999362
1.88661943735283	-0.0601043657430306
1.06283372488640	0.152456965206857
1.97856483819855	0.328996120870542
2.05396578998553	0.275664504991021
0.105154371345375	1.05752887133690
0.0507012546019890	0.989767363702367
1.43310929841320	-0.369935846845438
-0.439699320491694	0.958668186469697
0.345984872398891	-0.407056179779010
-0.817511752525775	0.624466971925402
1.44330981846611	-0.282468196416769
1.06600859361491	0.184719480140606
0.324987994184541	1.02285363732947
0.846725807830043	-0.497915248739360
1.60483723010783	-0.171235305608520
-0.841047863816042	0.399340784069233
0.688374871408025	0.554451674961314
0.961263227456674	0.0574322343092405
0.461621996270587	0.822407757343144
-0.923040067050668	0.364364030429791
0.995215240976648	0.286296423279376
0.750259627443164	0.568693929184197
0.318328886946846	-0.200688874213022
1.55306507654607	-0.378631091265120
-0.394980582045367	0.930629267543367
0.441053923832061	0.850669953723516
0.984115652811335	0.147120683714076
-1.06450488006664	0.122666877716989
1.95751006533362	0.421288569687584
0.570686497229587	0.769831539972362
0.812400649418643	0.491971255419808
1.03143223309910	0.0532350123872613
-0.825712734407027	0.582700238480606
0.0512852284630495	0.362721628035257
-0.111435584185068	0.937316005751260
-1.04588539801367	0.0293882851794824
0.801068626059705	-0.510682105636306
1.07133669828731	-0.480915465671973
0.425686223413736	-0.392927897461638
1.14790338410523	-0.491624953664297
1.01193409236764	-0.498890497206780
-0.768288681344986	0.562163149150436
0.422810451059917	0.951156022378955
1.80922807069838	0.0509933388919049
0.768001805160021	0.496719960804566
0.644456650785533	-0.462733743280488
0.434971299124626	0.862651296489847
-0.388569688818593	0.876306103027356
1.93611389568587	0.0771230265636331
1.56365259943299	-0.434803737029598
-0.521721380360696	0.863932340088706
0.966938948601022	-0.525736224736552
0.209166919361085	-0.172101824884389
1.86449887995201	-0.0782607146181426
0.494470811969651	0.821566578943514
-0.415587923353369	0.976869932259689
0.595695810293572	0.874574272154721
0.0124495616484254	0.220082524966814
-0.802747754529819	0.611940940669376
0.825083102045223	0.373667971670392
-0.589882299123749	0.803176113944787
-0.990110660252741	0.206004728623090
-0.758286428945271	0.683395901432679
0.415543440257550	-0.293068306933134
2.02909094059797	0.496054102053857
0.162680452341824	-0.0398164683594887
0.775409684206783	0.706579215190587
0.0811337674134048	0.124998297549181
-0.0191374089520210	0.331221921332881
0.360222985492160	-0.276694603427012
0.0468146057021545	0.270694073145526
1.92570904345398	0.175518111332909
0.257416941228355	-0.230874317198551
0.0414318627497605	0.334844981808447
-0.882976441012475	0.449448445388342
0.0965640675252315	0.0810791620971535
1.33171336128147	-0.450768705778265
0.564484562543714	0.784299691700159
-0.606571140558891	0.857682897874759
0.477653421120439	0.934237154294203
1.09070652475085	-0.526264230797418
-0.754871362250715	0.802111151755403
1.05694194643239	-0.598049609019045
0.639575504685550	-0.549276925171297
0.740365049702364	-0.420200503952574
1.81942423138396	0.0346690451881763
-0.801697559633401	0.551745526377904
0.946994982159441	0.523900698327867
2.02618462972429	0.488815951931245
0.0386392457352966	0.303226319090093
-0.124266103768787	1.02467090451235
0.417328664493208	0.920182313504102
-0.956502379160880	0.203742921091506
1.87993684416892	-0.0706513184424755
0.145140399373919	0.928656253023573
-0.0166444809895384	0.457609121981940
2.02002503058935	0.0711799696846259
1.77230261338969	-0.170001591465057
1.63773389146513	-0.261053714723349
-0.0962888667258599	0.941519025352034
2.00989910833775	0.270210651503197
1.00446752385370	0.217085910386932
0.418126009283994	0.916952964396652
0.619470388093416	0.816586285583971
0.325556337746116	0.972662827060064
0.502323151614297	0.846087951494932
-0.952723954954430	0.372919434391314
0.959825314682097	0.165251234020677
0.409807872406163	0.927002356376446
1.37411435378508	-0.448956305429327
1.55429575429516	-0.460646477491646
0.588742991906012	0.830381859956878
-0.856536533796686	0.272372713875293
-1.06627619813680	0.0632940216840122
1.03819106841051	0.116649348894887
1.25050161058675	-0.445978809311714
0.914522128756156	0.200005436553708
-0.634316350030239	0.747478794246018
1.88449120072341	0.342008927311832
-0.977931477686905	0.0360035605031064
2.01308180011334	0.455270945291118
-1.03664811983745	0.217420487322396
0.947822974630507	0.503445129451456
0.814575010832689	-0.484331460793878
0.915051804779767	-0.0509615979790207
1.47101458711328	-0.232983440397618
-0.722128147086510	0.781320956193190
0.939173933926687	0.309908594958771
-0.909331298755941	0.291202770616344
0.163883625282709	1.03590049087053
0.822983560909063	0.595232192815164
0.578616332566149	0.919462232327217
0.557482351919541	0.903718186824991
0.962397734316993	-0.475867900390695
0.0698929135555765	0.0699361790861776
0.623195578502449	0.844683078014374
0.753384843216589	-0.457463377365642
0.321277360506995	-0.0277633682172659
1.83607692068090	-0.0684330656412085
0.559475940298635	0.910578204947488
-0.789848211144998	0.569879418649289
1.81399223134062	-0.0684415960898433
0.320812024988575	0.922015024262785
1.76042650787427	-0.175050719340410
1.85812977375544	0.0332968472261245
1.77307777719026	-0.113411830789569
0.0600923706217701	0.375851403665571
-0.311647003743463	0.922839215898204
1.12047404092572	-0.485186892576895
0.368416951527164	0.887726792236378
0.127554403986731	-0.0163917806689400
0.482683737979301	-0.366070989590841
-0.902744927139900	0.638683495976069
0.224856519045454	0.974994227492714
0.249680120163321	-0.199249110261272
1.84492518060037	0.0392023619795076
1.02688144680365	-0.512484500229914
1.83093759628898	-0.0134107425623792
-0.333167557491620	0.927465677162695
0.364607318169616	0.891894946470288
-0.999302190727769	0.434930523148927
0.649752455521452	-0.489193312318962
0.922880972715467	0.0944249713719797
1.97602054461592	0.470479189316370
0.816997129382404	0.573153787489398
0.441267272047290	-0.243892132921557
1.98898840679470	0.184382881328450
0.703041030319352	0.649945500195564
0.148590841057350	0.951875104672211
0.650551801076801	-0.428820733036829
0.150019436189711	1.01289162362301
-0.392621323752948	0.975243638991501
0.473850920754574	-0.320864084241777
0.296512471568243	0.936833988020190
-1.00681275994642	0.102099853817226
0.366935454242474	0.901708247745059
0.787091940269006	0.523513872111935
-0.956097665884650	0.000344969513948086
1.77808282282903	-0.187276595475251
1.35026643201861	-0.441546422646785
-0.129008188517930	1.02170220213613
0.261539698228522	-0.220753163501426
0.607810544386271	0.726276868287393
0.114666315939034	-0.0937594570151517
0.844755517221918	0.450268049592512
-0.0996447196145264	0.953777652114308
-0.278647599971000	1.07976877770007
0.00391221273645288	1.07596162295767
0.0379686573454904	-0.103953764132953
2.00450596063470	0.290201525378633
1.87577709091534	-0.0196633373410071
-0.0579884883030653	0.420828622293090
-0.0673842265214483	1.04503319855787
0.117533226629289	0.0276749134841517
-0.0843672534707259	1.08452480071063
0.678736780033447	-0.429173000033425
-0.581086961563104	0.762818907495618
-0.898762938261870	0.126590792264932
0.202729206218279	0.948322436064982
-0.463307992145747	0.930058424408085
0.865381053549347	-0.383396122080267
0.507025362434329	-0.419321264099292
0.803865141499675	0.571268765584746
-0.942897252125614	0.0686238168999427
0.0721260651487071	0.513859061754304
-0.534730467199820	0.895077714943757
-0.190624829189368	1.06470552268636
0.338192283082398	0.978062518956288
-0.425928958526382	0.871905230004369
0.0383198296965991	0.272478985596920
0.973185930100309	0.279548695461410
-0.234468816451178	0.923559230857568
0.200064872394363	0.991332586322372
0.361277792253268	-0.286150003171510
0.482080155497446	-0.332228269870889
1.97927410375197	0.358314212527715
0.458458346122498	-0.481463634561220
1.21367692027200	-0.439300170250084
1.98403213001542	0.400166483499193
0.723361496572635	0.743399905706000
-0.362667389890933	0.914696984538699
0.932370756906769	-0.437411400637882
1.49961167025964	-0.313332335530251
2.10193358625192	0.488799624972882
0.812189135779155	-0.490523070259138
0.882441890870955	0.488802708935646
1.82957975649603	-0.0376354551960195
1.72158691156047	-0.118458630016671
-0.140607045957821	0.964213008914176
1.86671008441149	0.0988570556556722
-0.192611980173131	0.954823783681263
0.0530026773288678	0.0996656433963737
-0.637794167637762	0.655949084720470
-0.948084288757956	0.409187422032657
1.59260627057220	-0.163395576213324
-0.596599276814132	0.850641984317584
-0.562943092554517	0.818126474572692
-0.925617222015171	0.124222039147912
0.678119172596385	0.828608510807047
1.42268044030785	-0.414334134334575
0.840290481643909	0.566565577933229
0.211406929374878	-0.202982846319730
-0.0752153272885330	1.04545901978809
-0.556719172618490	0.966331789859926
0.972050671420919	0.242852288318998
0.0755006360830318	0.283795793957864
-0.825218343285574	0.543421366074350
-0.991747665846631	0.0247945703130786
-0.0271667347870034	1.02501834530612
1.63607716789067	-0.211613314235459
-0.921197750627304	0.414550356163075
0.127562915834953	1.00515862667123
-0.941350391052063	0.260770888123779
1.99940523622826	0.134677412557103
1.03174899144577	-0.0352750735014738
0.0949721840538644	0.257780402547347
1.02716020332919	-0.510357164665155
-0.908517749916699	0.290442953472194
0.178341865779586	1.01822847742049
0.447333170060121	0.814206793449409
0.891742222406974	0.414808179216141
1.54987529194513	-0.294606607460179
0.839596932955107	0.348689875530429
0.613954597479846	-0.406432907472759
-1.00361130278975	0.168715123493556
0.242721613610518	-0.189443121148920
0.683141302712282	-0.508687472179315
0.696404598354254	-0.417087385657380
1.55223057021044	-0.247197386953903
0.854952557298712	0.372038376829606
1.12927760905089	-0.520010090033819
-0.0616302950852887	1.05834959535369
1.94394740781635	0.321862621831850
-1.01038708316389	0.170294146430257
-0.996903834449524	0.190365278525532
0.224261828617480	-0.202377428053547
0.679338948047431	0.728928439248700
-0.00853614149835587	1.06487687683789
-0.326022288653099	0.984340172264356
0.0345935468977118	0.295956437693145
-0.872481247491336	0.439549295468154
0.0721582291125902	0.160372722254071
-0.927735522353918	0.143175102199961
0.0854323460411956	0.967485213619931
1.82047651250759	-0.0267116513381277
2.02805654112012	0.251939205933232
0.659912934814311	-0.572480163988916
0.134176918358669	1.05890087626586
0.462555360633820	0.834567998943365
-1.01132926819898	0.128862834336203
1.33691523156762	-0.488977755681949
0.491846432102144	0.901789446895828
-0.700280560082693	0.593247626306434
0.151043385937928	-0.0287499127924177
1.23762646959242	-0.580006933427600
0.327435677428874	-0.313407465359589
0.641718088790517	0.800042715728496
-0.347688845521718	0.926149542196877
0.472242432489108	-0.404992313306059
0.905718225201531	0.100821112166389
-0.114668301365232	1.00048416480073
-0.617777865217875	0.837708873134668
0.308789852918309	1.05262372162288
1.80351691216032	-0.163696506473011
0.0632361333252290	-0.000937726628203812
1.46280013727072	-0.425502148750268
0.852305031766317	0.392091978051258
1.59602010115703	-0.308184511805209
1.08607040886106	-0.474194442515265
0.449481280059880	-0.387645703010570
0.919119108516850	0.404756565783978
1.71650784807491	-0.277879700646879
0.267369728728537	0.825427374770659
0.719862413723875	0.722542001835922
-0.256951049731779	0.952196039526229
-0.181042740080817	0.964838555703352
0.874839076895170	0.443216881946134
1.93656979107767	0.387878660035008
0.782728582320413	0.701320349410240
1.87985805780446	0.163206396399515
0.234947045315970	-0.0257360851230058
1.90101241719407	0.107913900939721
0.932467301935712	0.315970765310006
0.662096872258205	-0.442542234819360
-0.838027797807648	0.565896646252298
0.799187935707491	-0.415638769462138
-0.753899761232160	0.582485474699197
0.0646573704035987	0.373197174912844
-0.722948334760860	0.757581316005272
-0.996260340504462	0.0341522567814834
1.62803782954313	-0.287944239330724
-0.477995343537246	0.804170319655271
0.745167516711611	0.563523802155422
-0.0658723313718553	1.07429515944874
1.93468507354468	0.352605725229580
1.31982580799471	-0.436876997328547
-0.828455957861062	0.744378062499212
0.657342619869349	0.856655434146692
1.56374270447586	-0.387600895310220
2.06457368514274	0.296709603926951
2.02350955124555	0.350071516291391
0.676767831632207	0.839118072361574
-0.725062735464247	0.712341700568637
-0.511770178220494	0.763798782557362
-0.496510982991944	0.924020707497068
-0.299654579384496	0.904507581119452
-0.676987573569399	0.680376309409931
1.28274273891510	-0.416847372884376
0.770647782071588	0.550578926567644
1.06922370099237	-0.468003391373694
0.481433440316707	-0.364750352871859
-0.393480738632758	1.00193505958118
1.77567743189200	-0.0580617892713918
0.721459191767890	0.730332987641065
1.33583314273138	-0.442859202305241
1.68146021747082	-0.176149674287660
1.00604408395421	0.132025634227810
0.0132903119770800	0.180612109871849
0.837623067244606	0.526489401459707
0.241549133765326	0.942233046070398
0.751297595187095	-0.407233377922148
0.263978440170384	-0.0568652266796634
1.87531496692415	-0.00708078493708669
0.138897447095932	0.0188918103575859
0.753281397771689	0.750968250576426
1.69839662959922	-0.181671361652192
-0.269859043099445	1.04385501345361
-1.02583912898773	0.168637247839526
-0.902937797469935	0.416995428757765
1.97264294113447	0.433262304209434
1.49493681691988	-0.427894983700456
1.21871462346038	-0.489305350706444
0.163275998841806	-0.0705507422853202
-0.991532311501457	0.432748171032881
1.33574529263957	-0.438117814786053
-0.192252027855599	0.991732126981141
0.196902305436449	-0.181137067394019
0.966639530031012	-0.482365696144070
0.814711535743338	-0.425360793222917
0.195302469119805	-0.149658105752543
1.07931785387111	0.174151558067729
0.581869969044135	0.769446801202619
0.894834981609315	0.295447295192017
-0.936020809081895	0.349576125140847
1.94554432636606	0.189161005028808
-0.616298001382492	0.771426240273832
-0.226500273412693	0.950248859551016
-0.932908362236281	0.0561927904212884
1.96732258342901	0.218329271965140
0.827091418001626	-0.510256300052480
0.0560761967158724	0.931470757189387
-0.968258693104808	0.431666107185408
1.05202488075685	-0.588584949642546
1.54596199454913	-0.366974086359974
-0.565104730475048	0.795737711730200
0.645500218939612	0.767101972931594
1.00509465272218	-0.0177530977414552
1.96753398400594	0.139595052888860
0.109966403506410	0.264610391812526
1.64784305370450	-0.282867030510432
-1.07178882795178	0.0856802724561180
-0.0408753073376241	0.420407015166560
0.0634179765712293	0.332666580482461
-0.865312704374373	0.586182461869951
-0.209920847857095	1.00915181936090
-0.950553676880262	0.374752976893597
1.29662571923018	-0.351657554378004
-0.961919516634384	0.216051191729726
1.46787936703735	-0.387965674855240
1.14749608192958	-0.387970191857269
1.22829102554019	-0.442343499663431
1.95497585784935	0.174978871105644
1.58725835966487	-0.231974027574818
0.557708119178686	0.839890845140224
0.119702377196288	0.476387423197602
1.50016234973789	-0.421732701792813
0.866017596647975	0.478844589204858
1.91092492868694	0.0342129189495819
1.28852134019181	-0.427963585882282
0.765983639737964	0.732888014597919
-0.0421120158479379	0.423550594662452
-0.00134115038721556	0.396727800779996
-0.683538851833386	0.699676427939959
1.50930110424836	-0.317294415778730
-0.822720226712235	0.624400686791340
0.211150067509875	0.0339690910332728
-0.455326787650168	0.843239709114394
1.94727067991224	0.236262108642855
-0.0625302781420008	1.03135718093843
0.384665320237610	0.917952273587722
0.116201966141254	-0.132157449607219
1.96461318503671	0.229843309468987
1.89369084404758	0.0232912721384948
1.99777730834552	0.483895593324664
-0.436670865138650	0.879722377435817
1.00580550771129	-0.536989207995682
0.216862078783125	0.974474408304670
-0.597563975323702	0.672197874481638
1.79934347012268	-0.247999755017444
0.266892145908066	0.999390465616816
-0.408844553167732	0.940940757060209
-0.801240265051866	0.606886928459852
0.729868878942108	0.634415263239561
0.947262998455862	0.0356848588583160
0.832535878628419	-0.536906745043620
0.583266349000889	-0.432003865867917
-0.228521765300524	1.00865438715014
0.00606892433172060	0.262921282708891
0.827076593672388	-0.460240909070921
0.598610368372285	0.874089130603641
-0.196427086589530	1.05225792011001
-0.977244312235365	0.279429077521936
1.00902719486817	0.000648603984134637
0.249424985042613	-0.140118845847197
0.0421409297315688	0.124626650113042
1.61340309224051	-0.309076399090468
0.949788586190781	0.0443167214717551
0.329969017171155	-0.259908160292663
1.81901557865675	-0.205671999936325
1.96701710652703	0.193026631042994
1.23742694399792	-0.598288854575815
0.962367526462056	0.483337096104155
0.823436380272112	0.771788929428999
0.0663255517826943	-0.00907946733626297
-0.954735425996269	0.115217023843809
-0.858725626364018	0.503591349346755
0.101130117649054	0.202751666710152
-0.562046718506232	0.786450625043986
-1.04018802720511	-0.0785424402873024
-0.135382590779614	1.05904861086526
0.0298299447154921	0.122105873151885
0.745247487489810	0.546806507977552
0.869061486744009	-0.553735037112929
-0.950054669722521	0.404931431649954
1.24970726051197	-0.476813892298117
0.970957114544155	0.121988480760086
1.15096399712281	-0.472902376329487
0.701084531242329	-0.451001925059967
-0.962094994751752	0.389889425004593
-0.869343603798735	0.483107881693081
0.142188883299044	0.00358503269963061
1.06625663211815	0.303173364944288
1.10524059896491	0.104346775749740
0.945097295444751	-0.502537243185644
0.742507351130305	-0.421730329975440
-0.939259314253868	0.339138731695484
0.596922888977398	-0.445096309297061
0.810903295990979	0.500536413143815
-0.771688294941992	0.664810043082867
-1.04519310977345	0.227407210477395
-0.819501803172963	0.383030184126560
1.79554363145032	-0.122251754604992
1.93698743523879	0.0765797298136495
1.94626657684252	0.247814814707139
0.985655156668753	0.0453207002889095
0.932223853257698	0.316480113133326
-0.896364629200883	0.190919031357398
0.0598247381017390	0.460282604607877
-1.00172358224572	0.382661650220453
1.81663753796510	-0.00178988821037428
-0.258626470055274	0.990509941647785
-0.526206253367471	0.907928860814263
0.939721914146100	-0.433685070344601
1.51638699055539	-0.267123330173529
1.17009356630884	-0.532326024583976
0.0127430858240052	0.965897603971043
-0.989920998863039	0.239224682244552
1.70867974258336	-0.169108355718725
0.501965568621129	-0.286620898532939
1.43969387663878	-0.378601947727678
0.487905532798119	0.863347098557132
-0.0423240573176182	0.293231637976592
-0.358046045185932	0.920184301763771
0.673036478976818	-0.524070127714423
0.501582095674888	-0.471684259858755
-0.873811313213137	0.621831768901747
-0.411179464497327	0.955313174589655
0.932744125829430	-0.452528068896011
0.275874629748037	-0.0927903928076463
1.33282002775026	-0.498095472399879
-0.847102932583836	0.253608952956234
-0.0441943902419532	0.491542866848959
-0.685157473091774	0.737120534500456
1.51059324645734	-0.397106943912341
2.02728231054233	0.513860418564438
-0.736246556990704	0.799605569870237
0.361112188185709	-0.326408020010020
-0.843694012661752	0.548125274956534
-0.0194711333294698	1.05191902263257
0.257885214689365	-0.122430685985473
1.99884526347625	0.186069231564714
0.193872299908154	-0.0271523817399124
-0.998029223419128	-0.0288833219330269
-0.365417696043506	0.904601291321340
0.790167157170326	-0.468570774181991
1.39890353725813	-0.471595700301736
0.554170373499659	-0.378724764394060
-0.0649955213590361	0.981991417593970
-0.140080783491552	0.916627625284872
1.94644343091459	0.150122749354064
-0.765030111010191	0.623762942287853
0.673920420213186	0.694497971848467
0.0369872696361460	0.258194967192750
0.0113063396670870	0.0366531926235257
-0.500072203716581	0.852340825462925
0.183503228279973	1.04563187981061
-0.342332278058145	1.03869946067527
-0.906274405696672	0.725225447948206
0.295069776742018	-0.257345368629557
0.736590791452167	-0.415475061268760
-0.505184897851831	0.868091029459683
1.01739945049666	0.274486960641430
0.467320547347802	-0.267496762119304
-0.363747610936930	0.896577643427353
0.521933142277642	-0.359038825825870
0.394218711700319	0.901166795812050
0.848558480661178	0.680345992688219
0.433276100438515	0.858679691088379
0.937605372915785	0.562082231261953
0.663135746133726	0.620359714541023
0.0193724505962325	0.406216805565901
2.03506621079858	0.346780773842402
1.41084793570410	-0.442009312843622
1.97029385073485	0.177174253189522
-0.546355518327952	0.859656770708992
0.155837820271235	1.03164547603518
-0.875196846359319	0.366301948392772
2.03179410446839	0.432522603346435
1.46808239039359	-0.386562796653404
0.539942518620508	-0.333615853492164
-0.753395534575959	0.775572076603690
1.93926594536413	0.143968627609827
-0.889489133274779	0.523483382673002
-0.0877277585741727	0.962897002767668
1.61017344852487	-0.293198662602265
1.83274762072379	-0.0129461319329237
0.580593207344004	-0.442703154683613
0.716659414147781	0.595864906315029
0.444473610128657	-0.378915782230927
0.0543286926309697	0.966541140974970
0.152005361476486	0.215573336298983
1.25407757249796	-0.448471166021728
0.157634555441918	-0.00744557171887481
0.644026619445841	0.738385268793997
1.77315956412347	-0.187957177100931
0.369666929032641	-0.247389334546631
-0.940392604407302	0.277702425756562
0.425176806755095	-0.339053883531269
0.984005198204116	0.319609686949420
0.250102998698034	-0.181339285677557
-0.441123170896154	0.923287183572085
0.411703235704093	-0.372396676844788
0.879086623677339	0.520231815719767
0.127229389591821	-0.00624432363977689
0.386701165013226	-0.325217546753446
-0.721431116935013	0.710198261551905
0.263099221050499	0.851520374536737
0.313124103151921	-0.124980257089550
0.0903500895410015	0.329558318963237
-0.998530053085876	0.0745557418642696
0.482256736794125	-0.341854762413940
0.824884298447270	-0.540185415555393
-0.501438956284360	0.865141019438271
0.452153537629490	0.948294769312898
-0.712337677929544	0.709737279088209
-0.361196171385556	0.992741669317185
-0.000862826728788388	0.220372938164590
0.940395414850945	-0.452431162186396
0.0815375296838823	0.461691495837369
0.142586960865486	0.999136673223175
-0.0793053624759787	0.997241346670281
-0.870925450707496	0.493001616174314
1.76645170065061	-0.137261367014728
0.728572712689649	-0.431636133382429
1.42929426152235	-0.506018783292843
1.51774262606757	-0.319927535276832
0.656480431990542	-0.389369571793960
1.90914276740284	0.263099055158095
0.896768356894284	0.405953769387471
-0.378084981349321	0.842491739030078
1.94463447004668	0.0238712500439322
0.850017719758303	-0.579419011002242
0.258836371164629	-0.0876107920546060
1.67346857570769	-0.190243352972469
-0.913976705637455	0.361237062657745
1.23571487426624	-0.413226403359366
0.0796038176415908	0.128614342218071
0.866375141422262	-0.506645257620704
1.99752485222184	0.170543900553561
0.786752241149141	0.773352554490360
0.912563112697424	-0.433507025509279
0.406492621961482	0.886871894880247
1.00823403685463	0.101227427218346
1.31471031102325	-0.466722587298314
1.15423013089892	-0.448841485511819
0.413492882452879	0.872694974313406
0.751556762464949	-0.511190569931932
1.00403298545607	0.153002004742284
1.49674186473318	-0.454033275890922
0.979981295846114	0.0465854336422261
1.89393366955184	0.201627979472396
0.178599591411338	0.969581996193503
1.05079401217449	0.0425703715435581
0.554853665509305	-0.404665402260698
0.437277762844201	-0.303080234703233
0.984274741616035	-0.469702477370592
0.177981713366036	-0.0155339205814213
2.07820970309918	0.554865899926936
0.0398787011487624	0.395512950704212
1.94202064310262	0.137342691154835
1.09791381650784	-0.567234324716838
0.182454411441555	-0.0168996544832525
-0.837840631531158	0.373915689255002
1.51794117889804	-0.338042524234726
0.0890039895001626	-0.0388828668935115
0.731372524583678	-0.359880919625341
1.45768600374068	-0.455798500978816
1.53664325591775	-0.361062989394898
0.854163181056500	0.568316306979328
1.75038875057911	-0.282582393086099
1.26766940625737	-0.438648733713385
-0.897454298921473	0.404323201584256
1.71978091812130	-0.202393856230222
0.114628599634122	1.03104167124855
0.0806749047543542	0.139433925073389
-0.895422935529686	0.522016972976654
-0.696348869599338	0.716531179861700
1.00382094024013	0.120288900450438
0.267804537613225	0.976229907521905
-0.0655147112450321	0.914626681982581
-0.0260725077996989	0.376704156760318
1.87012000844118	-0.0719691082310731
1.98471684110653	0.358287995888735
0.566958469763447	-0.385958699746474
0.235023894228349	0.978121338380999
-1.05728819764045	0.0411178494216982
0.426656191000824	-0.348295841428864
1.93288803877186	0.135213861797151
0.132741425878801	0.410521010021777
0.984822185267716	0.197887902459520
1.36439270987328	-0.430391892148069
0.0742138081721088	0.983365899521616
0.660693468863698	-0.438926258756026
-0.301254932574439	0.993111999103578
1.39474057327573	-0.422891875738586
0.0217717182262371	0.409469108228606
0.935675582774599	0.0998529625197952
-0.622639655998623	0.742529784965523
1.53923810479545	-0.350249524959794
0.359590730160819	0.971253821461099
-0.607923894313523	0.682397071308655
-0.183475005876575	0.917320544021092
0.931935494440090	0.0431365798878678
0.270024484610620	1.01666675598440
0.994713797122689	0.257458857404866
-1.10594457746057	0.331913812018495
0.620786724250234	-0.428153029392417
-0.931171324349815	0.355154466210044
1.66244489363434	-0.214387883653999
0.117066325329506	1.01810858603558
2.00347430439055	0.385626686456357
-0.879799269781089	0.280084533639840
-0.220317083328373	1.01051108959029
-0.0661565590681248	1.01099825621915
0.240851288032662	1.02220559490777
0.940795441000476	-0.552039639093015
0.161952421975308	0.222721965157189
-0.725158317381436	0.646539944794848
0.215482685407633	-0.195592831651570
-0.738989007145317	0.682049893739538
0.339357347017587	-0.272466095794873
1.03121478034720	-0.471087100144921
0.844395034595476	0.487792324416076
1.28630798026061	-0.414052712757990
0.976468286159042	0.138944049583906
0.908329642655521	0.351025001746926
1.16427462423445	-0.391510759674121
0.311877231618773	0.896861755502054
2.04899691322149	0.528561893579566
1.70720263874633	-0.143393804997994
1.03599425097817	0.248421963324063
0.157904135634051	-0.0878038203602824
1.90910120440359	0.0768372227120424
0.244498496742831	-0.157808738308381
1.04308845451350	0.0353298905212264
1.01881793129454	0.225236593410715
-0.942319255540691	0.127783269177297
-0.523165807034744	0.787046762260743
1.40695469445238	-0.415172360920466
1.74955509242549	-0.170314320860266
0.463146243392757	0.920835124376710
0.147727486034321	-0.0796331211329142
0.421202775984717	0.955369526724624
-0.474152630884311	0.775702824083642
0.531633164440498	-0.323579060312276
1.36266876204077	-0.466932800485557
1.81767821587530	-0.166181532227275
1.51185574085363	-0.280172031601168
0.766000941185085	0.683897372537767
0.653011956404738	-0.417555226499286
0.0641252652085999	1.05839894608404
1.70787097132862	-0.223293852295961
1.85226203660739	0.218198711411594
0.831742174929441	-0.538019220503408
0.964728142848569	0.276338593754282
1.32453110555195	-0.490084850961637
-0.875830223717369	0.611007736689951
-0.790689531964926	0.663534405206715
0.0332881005973351	0.398670531980481
0.740075168917498	0.764469354889171
0.318958952378740	-0.221408471860748
0.520525382791877	-0.347624869269170
-0.274044921300990	1.05605507777392
0.894762581157603	-0.466997074468557
0.703165107268879	0.736921667854075
-0.241146016258198	0.872183177458539
0.0297414257091964	0.224601143134164
0.199830781355735	1.02631340365284
0.217988985220846	0.971801347552161
-0.928870157031107	0.531863800369228
0.0537595280312965	0.274215233893225
-0.226831912654169	1.01559313076711
0.00915599262156689	0.979342672983322
0.713367022417938	-0.466871726579138
-0.875403737668181	0.233291779737369
0.769131112300806	0.627401429485360
1.65554185273088	-0.371380536905181
0.129719352973839	0.943835949886103
-0.0241858308542185	0.154358039737861
0.190800610091400	0.0962577837178242
1.89481390663640	0.145864285825175
0.777746844168637	0.430868328171071
-0.303626879636204	0.904441184841235
0.957262875500421	0.347471746437190
1.85745867260873	-0.0941522183884496
0.942573431847435	0.214753570991321
1.06002060738418	0.283287050112254
0.124046931307712	-0.0661632956720959
-1.00213236728343	0.212140175952574
-1.01936064617995	0.134717214595308
1.92211716713883	0.366981403334455
0.983754148100864	-0.523528167921848
0.258663358930934	-0.297932847430550
1.06745027342541	0.0625108008466406
0.904201454176677	0.456625916597803
0.655163449579729	-0.399920307553386
1.06356039845632	-0.0223632125991236
-0.977332898855020	0.300505232434835
-0.615688917134747	0.883106201644869
0.455714118668193	-0.389527378677640
0.903542250775047	-0.436552186727731
2.00217773851190	0.262632961249296
0.738862144973439	0.611368252917023
0.592050920061788	0.730041857435301
0.453043229266646	0.909949077393719
0.350826039081633	0.946673457840388
-0.121029361464759	0.551367683402721
0.891117022862191	0.404920642030087
0.0615014849903913	0.137527086538372
0.603225040644362	0.835060505974991
0.150419050004802	-0.130544211503421
0.667714317245064	-0.367096878260901
1.17857400374475	-0.431691484369283
0.248050424363237	-0.182974129348868
-0.0642421062235111	0.218052182325973
0.0523141250151556	0.399258612285973
0.356204284424008	-0.321572678406579
1.80605690558762	-0.0356116123495477
1.34062759418267	-0.462575387923199
-0.0499756828932305	1.03538133954424
1.39043097666817	-0.401236316680520
0.987540692362552	-0.561352487811477
0.0198921506039462	0.319687212617337
0.502015945427393	0.798859479675114
1.34262369659511	-0.372335584975980
0.265703391088494	0.979664818464647
0.626671320147720	0.770699032051802
0.100138267152530	0.113203689160834
-0.988356767932092	0.00915740086570400
0.712967887087343	-0.484570889416269
0.499315379613030	-0.341574278903646
0.302742353643750	0.935506320318106
0.480604255901691	-0.287466734744532
0.671309596597661	0.808723374905264
-1.01649635098888	0.0740079479671182
0.548229368037841	0.874275603697810
-0.00956866491706401	0.980550497675092
-0.0354083506935493	1.01815179934917
0.576092334159542	-0.379957201320364
0.183653250880418	1.02737790441859
0.548519024529231	-0.301693863780518
1.71184219378776	-0.109703515343701
1.79872489632091	-0.170678225569312
-0.740938199113085	0.695517508915493
-0.0275990021179161	0.350795444155869
0.897912378390955	-0.521895430507372
-0.0228374460666159	0.279305684173282
1.72725693831825	-0.217668259498215
0.0682580202023668	0.484973135293311
-0.966663483946437	0.423128675823002
0.165538025453799	-0.109911366780305
0.581132663685791	-0.389730858330008
1.56618857880110	-0.343342606156454
0.564555673065432	0.776189586817314
0.654584614222325	0.917473054980598
-0.932287201882407	0.322782262880088
0.466154753268958	-0.386226959265037
0.786862525151385	0.548622154644901
0.818796084280693	0.614907654614415
0.124325646734519	0.0470839550215500
0.520119396033772	0.815080657836131
0.662339279360763	-0.473163821100913
-0.547428801959321	0.904192869235576
0.189060509408885	1.01871960839797
0.415105138933894	1.00614580419070
-0.570100572470771	0.872688728777655
1.90835265751397	0.0511285229052505
0.836266979112635	0.569263464115332
-0.467957168987659	0.885897899477774
0.653994199926465	0.822874064376567
0.0134549726359592	0.227864474238593
0.534244680717283	-0.376899912414175
0.962318793568586	0.145535586116828
1.85629752353219	0.196684219642173
0.893077835994290	-0.468503325731764
1.76894063239450	-0.139454685103809
-0.703256577952439	0.571437088555622
-1.00983207772403	0.0895324117827868
1.79281316421723	-0.0368021110191775
0.332717848332119	-0.281410097012725
1.12515893521026	-0.506467139410804
1.05040249192946	-0.507332207117304
-0.0723248320621514	0.924742105295958
0.0927718345992386	0.178671301616591
0.703644504331497	-0.534978745374790
1.98689415246181	0.351124539163128
1.88083668369230	-0.0597544707639886
0.00419402428507545	0.207511222514840
-0.945913107578041	0.346203814063328
1.81274967834648	-0.194723301861067
-0.820115768253968	0.572456068238221
0.247496642474179	-0.189729075548391
1.11414713359175	-0.477631113668339
-0.826000385890544	0.616285593095726
0.374607580299947	1.00120076378546
0.0669791904404105	0.0799866807225713
-0.0343694359248868	0.315742741143450
1.45727837356188	-0.393161213892769
0.647773237534689	-0.432206756785411
1.72803509516741	-0.250205816002432
1.09432287292378	-0.567722525117335
0.0468172241007136	0.180279868921667
1.36436593173896	-0.448606845251007
1.42766298829387	-0.402647553510485
-0.644545785368025	0.879718958486818
0.920622997806632	0.589521610969135
0.703106463721815	-0.417470801006003
0.289112448537109	0.909673675904608
0.273983396271573	-0.164568288965736
0.258486396508218	-0.199002122293181
0.830861377073442	-0.470751174749084
0.0688469803263231	0.148339767860244
0.0816970043418444	-0.0489780206001472
-0.0259582825215085	0.397074076658679
0.172931762798020	0.120568403279376
0.0240768679129171	0.266240087220432
-0.698321193603078	0.793190387551849
0.325064940085287	0.913724533873061
0.879479713002232	0.486836517748090
-0.874007448789963	0.487201564683074
0.970617181104729	-0.0286866316137760
1.63073543808996	-0.169218694621700
0.927250596977483	0.305929821070352
1.98639977037598	0.323416753369086
0.924640001710708	0.274555389106566
0.0292830998589631	0.958547970478518
0.639271554671007	-0.429950862513418
0.289408012196901	-0.297350676370711
1.60486251492772	-0.187168437703793
-0.532886687640668	0.770242333766830
0.429861037929414	0.952798795782375
0.190567215250542	0.904145798497567
0.376471397810590	-0.351239809646076
0.341824136200317	-0.326731674402063
1.41921726544930	-0.441309164440988
0.868479598364404	-0.563953409906875
0.975845735505584	0.174165829116349
0.922657963034199	-0.508027850878158
1.92516273266420	0.132720664858431
0.652378815165454	-0.477353840532355
0.228279075139018	-0.262060714400918
1.99414133001500	0.0385162799924700
1.33359192071257	-0.506192643851436
0.785939658310249	-0.411545566224542
0.654864940812521	0.744440675903536
1.51745833755206	-0.307186998673844
-0.943258414167256	0.396395270393641
1.97142171511173	0.413289529499222
1.96975874259682	0.239258257136362
1.99101327086558	0.468358703936222
0.0195104234547465	0.119943728653630
0.486045866475787	0.863988784718007
-0.955472031514024	0.242811521021552
-0.0295651969133292	0.956754282527478
-1.04497954041977	0.0525950133430620
1.83276081095455	-0.0776476148940273
0.991098841982542	-0.515550560316704
0.905231031608958	-0.462116437953916
-0.616469329639269	0.748325127945955
1.67626884180235	-0.215379110374791
1.35072154179180	-0.410596751363483
-0.926065148017115	0.0246794378212298
0.533133486317610	0.827964956492168
0.998771282185087	0.119121774153314
1.25762544544993	-0.452904302130528
0.813514582177457	0.472320015485222
0.373814479787914	0.904662123626421
-0.984295724417385	0.164876832057194
0.0476470460880210	1.04746700485559
-0.233125188693133	0.977125871510440
-0.886425755397593	0.353877103388686
0.405829109307638	-0.332121466452726
0.649745889527402	-0.413701018743096
0.404399946985736	-0.145089933476158
1.77569995259238	-0.0472585001275438
-0.819651871341580	0.582137632067365
-0.796170567512274	0.653333994927474
-0.927357733480362	0.346481986213517
0.0771595777359894	0.398322500787247
0.0260126692729240	0.278983370147011
-0.754122492509197	0.699237403214044
0.116466394815973	0.203457946445196
-0.836686335118125	0.486422788295674
0.792759773981761	0.473666185829048
1.09028387434793	-0.553183538895545
0.943511205120615	0.560445313971818
1.96550096744107	0.496501354558606
-0.953241167370478	0.0459101080987904
0.691596100814752	-0.464883211023720
0.0191518698520267	0.492267855149456
-0.934364895746338	0.502989374297410
-0.952436237531933	0.110148069604881
1.23391861463159	-0.540959063244155
1.57025746149342	-0.276568509281842
0.0171290554581212	0.297923606273750
0.861438462004642	0.557200101173865
1.46552345825280	-0.375062014406419
0.191265328422925	1.05419504765225
-0.176752199188866	1.00224886758646
1.89759310739466	0.0537800286520735
1.68492011716764	-0.253881819473181
1.95688635803194	0.484545928963933
0.157150002415507	0.975751589165062
-0.657450137818508	0.746914242110649
0.457668056513462	0.847500594908340
1.98469177708427	0.451698677071410
-0.736645470910017	0.802340732784148
1.56486144254352	-0.317141944161853
-0.656784077283356	0.679634136636868
-0.193302508703216	0.965912438226928
1.92652292570763	0.341047155346223
0.819254488311648	0.520960128849806
0.231912336741248	-0.155387671957515
-0.0171606792402896	0.278675864046900
-0.572199739406144	0.809582991977559
0.978860800567554	0.171768022471637
0.267560506802265	0.996092241469411
0.924927466454941	0.406513095685713
2.03418052919675	0.123506740570382
0.00385472769555109	0.313861776044544
0.583320245857966	0.779794019716849
1.39342373860684	-0.457745005694075
0.386837344651618	0.865931304517033
1.43673332619950	-0.381867668071514
-0.354993387287685	0.992906807416466
1.89344991009188	-0.0409733794186657
1.97275037720285	0.348775565917907
0.197071374835678	-0.118000886641531
0.910236146019169	0.299451889697367
0.806494402626494	0.675588495370944
-0.548008864356915	0.805264044129443
0.181474071347761	-0.0331263480539125
2.06916008804761	0.188606024378230
1.08092778157411	-0.516252517471560
1.69058347451119	-0.279145149539119
0.383542479251892	-0.316897328159327
0.163071448584594	0.910974740118998
-1.01572576283429	0.164106769224103
-0.0342869161725313	0.987805183995522
0.964107549602145	0.208715439640747
1.70970294563696	-0.285093397412610
1.09714766692451	-0.500069032454699
-0.0432940588612899	0.434070609643360
0.737284997326074	0.654333231310678
0.102072359370774	0.908133460116116
0.334499336965482	-0.334714987381863
-0.980765681864711	0.106549039278509
0.143931122548019	0.225198746636794
1.25617432955127	-0.446215465567709
1.30868343617570	-0.447978173145126
0.799555911102029	0.573781907844102
0.461947937383730	-0.352703061528809
0.251775994269902	-0.320241640604475
-0.862519050013199	0.466555648356752
0.0424744633567822	0.274771735756118
0.126300935805315	0.163392797285740
-0.838722312829164	0.470263502896884
0.810577690524462	0.530092028475717
-0.446672401452401	0.960711652239311
0.549948400978910	0.894136998971564
0.348073534779224	-0.200482334107896
-0.926542362783702	0.399745158037167
-0.633585311339743	0.701909931725880
1.00673889180168	0.00832493571470074
0.0321370155531146	0.385102273165477
0.843888195446494	-0.468209588001997
0.615296097827328	0.859231140690145
-0.576866148262751	0.820808164993497
0.364779038117286	-0.281304558368704
0.816803202730458	0.507031851987360
0.633301971322685	0.827309200065971
-0.0974107243648304	0.984537926410053
0.742768736075709	0.690745930740801
0.951436125564021	0.0937673545512222
-0.682757561433015	0.786577360539384
1.92883818552982	0.198758281616366
0.674303084359386	0.633868597091035
0.789036883118521	-0.377684759197553
0.590688045160671	-0.388011674632912
-0.417361020282949	0.913973908909155
1.54829503224785	-0.324100387450131
1.86885462569011	0.431884976638943
1.96600127119798	-0.0834889019196773
0.467731362974211	0.933863942050330
0.710719962054722	0.663784793439473
1.07463523937728	-0.509112056099115
-0.903811409556879	0.327719271397310
1.65807774123227	-0.312178468303552
0.00505699532004665	0.299815201716410
0.225315727829019	0.0415016248135395
-0.200232372418177	0.958014044377955
1.46889362576467	-0.364513272435462
0.00143413645925043	0.460850602997472
0.816073294619370	-0.479122586310296
0.390811538439985	-0.211826088561094
1.93678946878115	0.0371928176669108
1.65860911527376	-0.209137998056389
1.14736257706489	-0.485302106544736
-0.282491861365729	1.00150097774465
1.39969837232943	-0.401928058683155
1.88481125069383	0.0500429440237631
1.00930549647463	0.104950906639175
0.874915970838929	-0.467536533487146
-0.414790643580751	0.910699996647663
0.565554745257361	-0.341212420553123
-0.921245507895869	0.432942817658060
-0.180182682010400	0.972673955586412
2.05356132681851	0.353973951337371
-0.284195454312510	1.00062819954093
1.92336193219996	0.000630812669394090
0.136294697139016	0.0305808339049154
1.42192940052228	-0.372585895502161
0.854675300091631	0.615671781889956
0.894297839935161	-0.380280176001801
-0.709207309203016	0.612930424040687
0.448910349688693	-0.277636310043592
0.132839397059103	0.0453076091711754
-0.765951714409349	0.566801657595395
0.111940937938716	0.126673884364716
1.95392994382703	0.388651699907204
0.0271605897998350	1.03733888214450
1.01132222032782	0.339016687737369
-0.924393770856137	0.245320697082621
0.246326869001983	-0.233481667910646
-0.385442888594280	0.929103237771335
-0.391724651529745	0.869469958926447
0.724288555377264	0.580713284422874
1.95225441855428	0.230130429132090
0.221087108030248	-0.120544358905827
1.74765642591029	-0.0248324389957264
0.460646965613467	0.805821446574255
1.85602268814054	0.0446604560335242
0.119715722587457	-0.0152084041298516
0.637772443533074	-0.408971685369612
0.901722724618910	-0.538830295752440
-1.01051649943689	0.139466669614626
1.70800551401430	-0.279529742380935
0.816594577057577	-0.522319601133491
0.654296377218184	-0.508846917663051
-0.0478817695431920	1.03436103062493
0.816711328311243	0.478056668489171
-0.525537619446031	0.943283514000686
0.511121228374077	-0.369938213094956
-0.848184094297160	0.421184606716064
-0.231420750417016	0.944930849868915
0.324052749330682	-0.261232685673593
-0.914359032354337	0.513195471594599
0.386962726529836	0.930647817671932
0.883248306795941	-0.458328031582904
1.91221201326844	0.240035599506178
0.755287346830002	-0.434248427707222
-0.330159854611635	0.957747964171674
-0.396849733666580	0.836524399239749
0.763463922287674	0.476259232038405
-0.723579771204655	0.781842268194878
-0.765100209282783	0.651613486535909
0.785093898951886	0.761010337605546
0.668747180963085	-0.444542066826015
0.159463695107555	1.01326750969990
1.93549383456312	0.0961983147340410
1.47486366331535	-0.409794408660012
0.136560473412706	0.128026091644129
0.0359475897415660	0.246256235181703
1.99980846490154	0.306900503419982
0.0613304037834662	0.206345593986211
0.250083734606292	-0.0643861659585929
0.120555299098103	0.962733283333224
0.0408434429198953	0.325015087962986
0.865549179148856	-0.433240948902552
1.02838421798646	-0.0205032984671755
0.890669784524306	0.344090661622724
-0.640623261276817	0.716436583168872
-0.914926933575246	0.128410844388847
0.141505977147242	0.374745985144082
1.08964267700000	0.0893563303285491
0.438173003284929	0.771727328937325
1.03902249862308	0.264927232988137
-0.586288139010226	0.863510948957213
0.961889099617599	0.134779214747951
-0.861934416819926	0.504598670782224
0.209021298084810	-0.173417585834790
0.170218103745205	0.127355630800098
1.94560221955056	0.376656596520759
1.57146195915348	-0.285164784184052
0.988974726265448	0.268584775549127
0.780946002865923	0.678082646677711
-0.939076508022062	0.583378891746583
-0.827183499189800	0.646730132277981
1.52794141875637	-0.399173862306648
0.341913179872340	0.887080977898214
-0.0957571874455440	0.411938035443933
0.0827256918419992	0.188761375425174
0.571842236774143	0.774131756944373
0.775378389428794	-0.452609591468062
0.536374145351091	0.827056433160758
0.782858032580847	0.672952797981236
0.188542429152848	0.0679825957271266
1.17772338348769	-0.560382451864378
0.811182573757999	0.675203252077556
0.893137545187496	0.459766474408499
-0.997374756541558	0.136173103856210
-0.952197582580064	0.210352743822566
0.920325176527361	0.483573869463971
0.376839357172719	0.946728261167487
1.90877174491412	0.315216670325345
1.92143023150050	-0.00356701961706044
-0.0443278948775816	0.948496380832481
1.67684014069297	-0.150950653397073
-1.02551932909062	0.113199279361941
0.309355772356006	0.907175826061845
0.912143893734064	-0.412040643332978
1.50718819682778	-0.263281812962302
0.486439223147625	-0.288946655457164
1.24769961805290	-0.459597955671566
-0.985892507944220	0.0420708387649975
0.460929987311526	-0.422328533905702
0.795357238169914	0.607894883612746
0.554417011684585	0.807703427551776
-1.03243288763402	0.0610615553352274
0.00496162083789104	0.150216690187098
0.0598479339881746	0.198950714319156
1.78386640921409	-0.00947546097628462
0.451491545874768	0.861109397468134
0.425518993796549	-0.308710431666464
1.63107384671977	-0.222677439615425
-0.193168688139344	1.02462750057309
-1.05839118574631	0.104165584901434
0.145451613355239	-0.134046224058236
0.187818541735213	0.127873438570535
-0.819885162865214	0.525628612764363
0.901618548398018	0.404524521574985
-0.188622933500250	0.994857545514101
0.188451837613316	-0.0159458339299992
0.284797413773497	-0.220276180130461
0.896126790593815	0.424640553613062
0.328845526106056	0.909845471104606
0.901250635903864	0.426577285591878
0.883108437717610	0.447856430128490
-0.873682067871792	0.548385826400003
-0.153931566210286	1.01296859253496
-0.969353493751584	0.168115422774964
0.842373276255257	0.606705759698190
1.15628177927938	-0.569421491785900
-1.04206411246173	0.112539396117522
0.865970828731638	0.426391355099323
0.0215944821955764	0.451396840237124
0.133239161540128	0.477822777878847
-0.521708113609277	0.703277564719205
-1.06070364498974	0.0759116931123368
0.951557535305443	0.181952254503128
0.780894151023858	-0.599366363416122
-0.687242001080711	0.650947260117340
0.874662648556243	0.499261202638215
-0.830690206149682	0.455373762496097
0.0384783902491254	0.225637256399630
1.83835665057517	-0.0391995935155764
0.667926060587360	-0.438776040851062
1.39729237745275	-0.358135331822418
0.534866805460067	-0.290535293920788
0.186627684462409	-0.198658851496862
-0.682066307001137	0.805679432006137
0.0333285305196819	0.0800673684213473
0.552593039243930	-0.341791819104769
-0.784523403946818	0.610595308231056
0.0360598068740332	0.445473501001257
1.53433297144017	-0.390643347427049
-0.359942665643580	0.892247176262101
0.995611824734565	0.193246478712370
0.207639546475114	-0.208836248578350
0.703142451997825	0.675918722935114
1.32675703559405	-0.518573279963170
-0.159665292835404	0.995758615747776
-0.702598278763185	0.783648077705873
0.175793402240181	0.0943252658646960
0.0704604475998267	0.300201267987750
1.14511796801185	-0.550110972963915
1.72762482378440	-0.221231399257126
1.05635605817511	-0.469729884128145
0.447998251480472	0.866669450976892
-0.509318838956906	0.887772093597398
1.00930723609466	0.337952971522982
0.497977106058281	0.954423974424085
0.995617824637686	0.290650939821803
1.65668750590328	-0.340637564604258
1.87099598446121	0.421854534186319
0.897073572169206	0.438197604737606
0.469893974410765	0.885789231765864
0.948806764411910	-0.465887534718190
0.591775157208245	0.775356514646590
0.895443895851463	0.325352509317467
0.366632006257132	0.970556386870344
0.185912886829739	-0.0225643740771627
1.96672628885697	0.387131167009320
0.407440153938357	-0.342818304716865
-0.450085273919914	0.818624821247560
-0.0285387348255447	0.525348358675851
0.922520295135567	0.273486968166356
1.20499556527936	-0.500982672664753
0.0632770181730604	0.0640300469563299
0.866811224583834	0.547012667151215
0.338402052539093	0.985280940319822
1.51331862997347	-0.327037641823389
0.872334425021130	0.532966536776924
0.0715697344459387	0.414583143039608
-0.932507997806855	0.510232261585953
1.36948099818403	-0.379755678559615
0.411173446426601	-0.359843365985304
0.213066110847754	-0.204282471458822
0.295106434069135	0.962920634672760
1.75127722178337	-0.172289269022322
-0.491168019801223	0.800279853788832
0.843270147585105	0.465037864710915
0.441466852383080	-0.327197486621078
1.51668942870202	-0.312206132786925
0.0662763681140014	0.208004988853504
0.893077674205464	0.492001578020393
0.365602131776714	-0.200575602914654
1.78259254254244	-0.106490606651190
0.107454176403585	0.131874537714061
1.96518056596296	0.521674605244833
1.83179265770001	0.172135055506836
1.20514451329592	-0.464783793293053
1.32422505379442	-0.405570935690281
0.0537012937473104	0.969010150262960
-0.895510697013626	0.336404211915672
1.72927434878110	-0.131962164657180
2.03934851988031	0.357646382490417
0.732103721264796	0.727971391714581
-0.439386246959049	0.871357609304860
0.772620934676127	-0.458770908434571
1.59111186089140	-0.347936840110907
0.120510060555651	0.0242941948473844
0.642689164278562	-0.466027166235009
0.226020676721821	1.01127899364665
-0.881211230543273	0.523653611282126
0.240574366010244	-0.172760383418128
0.128521377966810	-0.0396063258836796
1.81859511800577	-0.127351322747382
2.00151719337125	0.221149572827737
0.324412264857765	-0.230882241008731
0.777116697275128	0.660591228113196
1.77830499123638	-0.126430773549517
-0.938571028588308	0.166957409978885
0.365916501965453	-0.149780696235977
1.03943084524222	-0.412312829631946
-0.488235343344265	0.870683707067011
0.250465578540260	-0.0811791579334993
1.36403989161466	-0.474214322033344
-1.08350510704701	-0.0272835927370816
1.98522495186779	0.383263948225329
1.01452779334769	-0.443268783186272
0.692392136818149	0.640828598708108
-0.303504382240063	1.04456483408800
-0.408701285214518	0.834103367645914
0.843637605695854	0.510148113769036
-0.760032375544138	0.476798104871397
-0.846114665211269	0.615568071611370
0.582289716597312	0.760438611387010
1.84348945837177	-0.0474424155763829
0.218815899956540	1.02947946120463
1.71760547420075	-0.144194510983702
1.85154987872245	-0.0866173549493263
-0.914265384781483	0.539955968809673
0.321851759463840	-0.280289528562721
1.88783229250031	-0.0862987447123364
0.809103035347702	0.540288303286123
1.73119105893858	-0.183766037134161
1.50880769163314	-0.334295510758432
1.79552422499926	-0.0361470416189886
0.887274237022048	0.429435790023624
-0.451415817802426	0.845261800561791
0.141025791311253	0.111555230116257
-0.950109691801438	0.0885958878880360
1.86657648191021	0.0585043674353539
1.81931277731074	-0.0169994860387286
1.04690971431207	0.208148038976065
-0.751122657420783	0.601698831587275
0.695973263385262	0.874119514777339
1.52095278887766	-0.458164091474118
-0.607238114503075	0.714647089363019
0.191293442582730	0.941323208131252
0.796342276172416	0.703509660864563
0.175528227083129	0.00825243324399146
0.711306802829799	-0.442222198328835
0.0471986881589578	0.237154095008102
-0.967405406737193	0.398824007939502
-0.212895056269987	0.995849127618431
0.708419655038835	0.719772346502789
0.654897054847062	0.704221858479951
1.96680271968491	0.254196919769092
-0.182031630766240	0.947410444429577
-0.0363743479296075	1.08477339955027
1.63759616340394	-0.367879332875424
1.20063689257520	-0.418319661664276
1.67806440881707	-0.245444319491285
-0.262331947918682	0.972674936356425
-0.0374863824849998	1.01815145373970
1.90312059127561	0.101733955583014
0.926172325421679	0.0828383213309487
0.905099270203625	-0.386693083505405
0.459019055475913	-0.325684436184957
1.87187607955794	0.181042469028246
1.83091672678052	0.0121338168349227
1.99235843940842	0.0788695603924686
1.65645454593958	-0.219863832815746
0.0532573149566457	0.991482696248035
0.895758156601594	-0.405162490095494
0.818793009668037	-0.429333206736450
0.897777302807351	0.309383745038046
-0.271047606647339	0.956248082302559
-0.920041658461200	0.0188574369597855
-0.599090944732321	0.801845559618521
0.980422887208839	0.276309520280373
-0.832110018905579	0.606196503800655
0.989089524793657	0.523228701817389
1.11493406532794	0.115342079134646
1.76064615533231	-0.0828694675186438
0.808344604779439	-0.493126425354028
-1.00737484481370	0.0733906415934333
1.18220298396870	-0.501189448851644
0.635814437009693	0.739030465223334
0.329041765761485	-0.286340266232171
1.99519959846011	0.443438248797341
1.82522238017295	0.0491750177015597
-0.821622568900889	0.599587460610421
0.640618581569014	0.800126015611245
1.94832460847620	0.225739068652607
0.0305700620160664	1.00740791810483
0.907079336334710	-0.616992106403865
1.89397263225953	0.122124227991885
1.77884799240076	0.0295430566382101
0.866023633251802	0.664466423286231
1.72866633976715	-0.197314489012753
1.93453688897725	0.278635057574601
1.19525233392572	-0.507752013488748
1.55768637418192	-0.344777604637992
0.667383388244526	0.753131064517091
-0.0170807448627838	0.390693992503695
-1.00175110756398	0.0818113997623747
0.405796002457634	-0.334544782940091
0.0448991231209366	1.07978874395756
-0.720301761524494	0.670678042171947
1.93391324229305	0.165267439967589
-0.442992592483490	0.889358273747838
0.154053757574776	0.0153089146614200
0.171311339010652	-0.0969948534444053
-0.676628471396587	0.751114528776509
1.79152587248855	-0.175813927990698
-0.703361325174011	0.750363764265533
1.90400409242657	-0.125026212286374
-1.02162455064787	0.153301528513967
-0.832969116800909	0.688465499569868
1.82868704068243	0.00517416392393394
2.01986973785826	0.462497756230618
0.951312801799299	-0.379837130769505
-0.192432785874003	0.988700492871438
0.0978357765182587	0.0812280577498591
-1.01416093738429	-0.0945929128331119
0.107816222359452	0.0474781080703125
1.26921135495182	-0.484327807617496
1.75477488712233	-0.116040706028876
1.88106615833895	0.0318214792314990
0.782223757653070	-0.464778192315447
0.249207295582891	0.938277952962096
0.280175325492980	-0.237812994657006
-0.999715599326234	0.259872591593428
0.273754736213964	-0.200179137626819
0.625249979632440	0.822919499958728
0.0910786679393812	1.00610909403800
0.646664123311295	-0.472615149037657