0.214349411470052	0.291033202705525
0.0522551710274099	0.300999177611386
0.409655855507208	0.0891542083439043
0.165592006097397	0.283975107569297
0.218439132415081	0.262148642300291
0.320733943381581	0.131539984207473
0.276328476751865	0.214080865063464
0.0427142129032242	0.0605299642674947
0.0540203180151454	0.571328933895304
0.160192030846043	0.570961982455954
0.426726387003805	0.248874661526080
0.0905393280884064	0.530417363427161
0.223089003124838	0.330112928811619
0.265745593828430	0.258698071290877
0.209912817191323	0.313080592330290
0.230368703603003	0.195546783701246
0.234117588184627	0.212354960998654
0.0879779659634281	0.289803266039710
0.0273195341300781	0.206535848241797
0.0628033348178271	0.249243715639376
0.282435758471047	0.391154057245623
0.493180402231697	0.348406453264760
0.136860740033655	0.228122513977959
0.245522347066066	0.495463470554855
0.208518210426832	0.276720725524395
0.169088434863069	0.314589494609990
0.0499493830913320	0.128073189454096
0.277552959058272	0.235525728858371
0.260665541846263	0.307650824172422
0.294474506734928	0.180889780795959
0.166525267047896	0.289097790167489
0.332586574752113	0.170086175868262
0.370776047294373	0.226725779585936
0.391000398222153	0.290238225566143
0.453092075385709	0.0344926312974052
0.228053141295035	0.445552274155092
0.292417360554977	0.349560542357624
0.220783641646630	0.0997770676564173
0.173140841601244	0.370932417193109
0.389146784562573	0.149362240074794
0.199252883168854	0.174992883357899
0.287858293675383	0.257098062828296
0.158811849289757	0.192557957157949
0.248671731106280	0.296559058882052
0.249842608244705	0.116816577216635
0.211358097851482	0.200236013018618
0.276377771598867	0.255460616225036
0.258609079373462	0.356585019761384
0.234777993001400	0.400337413896650
0.183292094861603	0.342651494945852
0.344102460558927	0.227122776371789
0.270698717101506	0.286077061353435
0.278276253613187	0.0963287023073844
0.353950188706563	0.200206092980174
0.176148286305283	0.162670692051691
0.168138537791273	0.390051623043653
0.245225822494053	0.126064918727365
0.255748114476179	0.313825050696411
0.255654735103729	0.221916119000486
0.101989904434585	0.248914531908658
0.359655011785522	0.210628446533484
0.276026847668854	0.285412053829547
0.0777471347204484	0.133734997138060
0.104546021188176	0.249325517462585
0.160780773457015	0.383237031666074
0.201272088629823	0.206288753665809
0.386729637009791	0.180358257218977
0.260488928882721	0.148103782443576
0.238576137861282	0.0734062883765402
0.175778308586418	0.524740491100376
0.229861466840320	0.131807434147569
0.0983596390424432	0.187886473564004
0.261530799242241	0.233880919184401
0.0689363896184763	0.175124243886236
0.298000010918264	0.188458182555864
0.436977067433877	0.252794641180727
0.500696445481374	0.324141732233640
0.234593554921217	0.307075188228265
0.217074122944180	0.184258487024553
0.244253307566682	0.213137798247234
0.115280142658876	0.310874531823591
0.265375861327544	0.312801871535656
0.225608271323921	0.251923769475968
0.235944859034795	0.477733596028540
0.360542034688272	0.255429675541361
0.250323404557285	0.357503360513712
0.152762023869116	0.264821592492722
0.269435556057264	0.235227223349155
0.308758473933549	0.351808932871520
0.339187148014387	0.174910183146703
0.382066125529610	0.227754099440913
0.285387429850765	0.307468204106947
0.138936648104263	0.231318914449727
0.0462078266369420	0.409515014762412
0.274757826689803	0.176369766696432
0.178285201423929	0.195027784642544
0.244545063133801	0.230941528697876
0.361028014858095	0.0824501179625791
0.238935391728107	0.169570594237907
0.310216324611316	0.0443644922697561
0.155213051426650	0.268498045180330
0.225626949570892	0.0849667433156010
0.240925866206935	0.254791376001932
0.294480094169746	0.218226527055335
0.116306168329066	0.140489250941477
0.328752016181940	0.249683676375309
0.212963581365015	0.282078736917143
0.134013639522520	0.228198694677491
0.110208074591779	0.349941192556462
0.173386216776319	0.130645286815620
0.345200598916475	0.0323843936309249
0.294822080978515	0.173252322274632
0.197665896495975	0.397168439925052
0.294598783199888	0.137227827763870
0.266907668789719	0.417525719936429
0.224678195758256	0.239494362047028
0.0882841018064209	0.282010515669638
0.385113360191549	0.106300537142651
0.207814558950126	0.170315913874227
0.209172918187329	0.0165643124132729
-0.0310000587950485	0.368914194789551
0.169951801074484	0.283385585447470
0.103514698108275	0.290926621858117
0.302719879869077	0.148864216376952
0.371095030022574	0.319404454025249
0.297777886950669	0.263915902673427
0.0869140494157070	0.228391163482742
0.273943822755118	0.235241365513235
0.158830465871513	0.251374395556483
0.471325480209140	0.193035475091142
0.272686111326290	0.222088305989689
0.273530617325533	0.150839715939034
0.458344777745017	0.250878544922643
0.188806253577624	0.256626781749335
0.240403054898981	0.282151490282195
0.308553377183157	0.323552476570985
0.353758638956017	0.166123896057992
0.287660149774022	0.467379412138142
0.361777035091867	0.434431564222147
0.349253577915179	0.319961542577610
0.312674195938343	0.326738030908914
0.346184342370113	0.322076603488258
0.495163989184472	0.267264481532213
0.252957436851648	0.209528125077759
0.416825737825947	0.317045456997673
0.317221721682467	0.177950211922031
0.286668447118940	0.115008102434102
0.290678493882976	0.215472596242957
0.396083066793115	0.112697673309320
0.201339749797384	0.341430801371257
0.306908287287727	0.396455988038341
0.254370961004475	0.252026458126766
0.190160222209955	0.174746148588170
0.197599568478427	0.0660440261607270
0.200587499236912	0.348926113432276
0.365943189650105	0.364962770619617
0.293464617721473	0.190897754370745
0.122868741988509	0.309294506837901
0.281833898196013	0.252624564028475
0.369460192630771	0.298977636318108
0.140676218364136	0.0771114599910699
0.467852876602866	0.374110536579353
0.368257655150969	0.215901378537545
0.144046561695689	0.514664987068849
0.165600495445097	0.405980889635879
0.205967434395638	0.245851849332874
0.336524670348982	0.157763783969115
0.361966797850111	0.247713350926438
0.212883488760380	0.179492182464468
0.149403558326166	0.254182310015189
0.309092374159676	0.114200628880048
0.454675502380123	0.130826296328566
0.291898237992648	0.0761075521826526
0.181698606714222	0.221494685185005
0.0571269164025422	0.0848608366172718
0.146530973318687	0.198582420018560
0.184664359305254	0.153637807814279
0.232600212695409	0.257920341065177
0.369954944253748	0.316913475676872
0.208653326433279	0.334257446666843
0.402724569919574	0.219019200300984
0.252106167494524	0.322434055696165
0.278375440229397	0.152636255640660
0.311647556435842	0.270520466109227
0.266213836122541	0.353947491777627
0.197679623018556	0.348666933931863
0.345367930667223	0.189543688661356
0.127610761375783	0.300882460999553
0.261798484001303	0.365298910975223
0.234520894700377	0.221480560750174
0.259757167442939	0.231377911638622
0.180408116069519	0.135237361886779
0.286888937143664	0.246483584148873
0.256994234499517	0.261714809013887
0.322275378150632	0.342321835125670
0.277326956131910	0.408954590423866
0.113805448401791	0.325708495510320
0.230753045175061	0.299316260659089
0.233173805434178	0.198093769580892
0.260553729854334	0.358469776549467
0.111972210176973	0.116927671219994
0.320281681766967	0.173749750247633
0.109801464656434	0.232184889717273
0.241429221783140	0.287206716480632
0.250298226695656	0.271135338195170
0.165984122850270	0.231083434062946
0.194001090473600	0.224778765214217
0.394372356566652	0.273880743541712
0.362001759748282	0.355880214218167
0.332488600095139	0.323905932173293
0.382482278789952	0.322958535057913
0.118338820158251	0.354859645739853
0.343271247534049	0.224294621220223
0.310686135037168	0.246495426172191
0.392591902374353	0.307089933887782
0.288509169584862	0.114419604622271
0.236029833517510	0.204117366912332
0.276648825233582	0.238986057974435
0.0673561391639676	0.271920935818149
0.325751930554577	0.300201387371435
0.303879550859579	0.149291215817867
0.105528579649422	0.327800221523288
0.133491327557065	0.303757247686665
0.314866506987667	0.290467704586367
0.343167108250391	0.127226607274633
0.317259964288791	0.260201329065617
0.320141455098622	0.307961274575224
0.307274495443776	0.359363212573213
0.202352397429240	0.154175245976767
0.271324496720349	0.343100547108536
0.231472647629136	0.288620459647155
0.423609738256197	0.260489707178790
0.341337239957950	0.210927617780667
0.516476421934054	0.447340776632270
0.359261922454916	0.299552221042784
0.367113142679288	0.337517995502716
0.315021241866946	0.327877445239196
0.493991447143132	0.0692179314371907
0.305875820406019	0.244997171248275
0.0291708722770229	0.183081359035232
0.368217733065846	0.224070625403810
0.195325095097576	0.329713856964513
0.325437213738217	0.391999948161373
0.283247146939482	0.284379974398247
0.323146324189646	0.363509111733799
0.366925105015922	0.145924530268971
0.200947166946062	0.179694529835766
0.101862023187098	0.323592033688656
0.288089118970349	0.309620706959335
0.352889118192879	0.376560848477360
0.210831058014267	0.0913424384026995
0.119029095720850	0.0922569521006142
0.224512870820418	0.255954958792266
0.281979950262009	0.352929092742372
0.200432206986143	0.134763449714883
0.306502882128937	0.279647022485709
0.126813781018193	0.417289007038426
0.363924378424195	0.0358049694622151
0.170710865678882	0.500211615584854
0.351601023944070	0.420603589725583
0.146670038844128	0.283073906821675
0.350365058937284	0.111337826447897
0.288637233825025	0.204402935029223
0.238825416393463	0.194185312668805
0.147510009899635	0.195272177413588
0.313776088593103	0.0676651340692364
0.251143898083994	0.323863349771353
0.289467036759146	0.109597422022980
0.233705556101870	0.241142864931454
0.233316130148903	0.330827368058812
0.302752874156053	0.361922310534117
0.125681907828590	0.271252740091292
0.196565185583596	0.342288252582746
0.296429093181106	0.204144686516223
0.282036166283627	0.326955312637113
0.422571311363416	0.306378970118376
0.339256624268940	0.151010491717008
0.183782923408474	0.314860940084241
0.172024888164770	0.158914543068800
0.202038282727780	0.185524200571752
0.112287646940390	0.229231222435155
0.253528739785060	0.345556316550877
0.284283813663000	0.343904748732784
0.237547095032042	0.427713305262544
0.146981944302900	0.272632091863984
0.0504149209146391	0.0537083909927920
0.255132773709684	0.149833888715037
0.349769161150841	0.266359004382982
0.105032186086017	0.263962879986981
0.445822754418514	0.230902519612986
0.344489901670300	0.356624541073689
0.351397163051053	0.0687656123273734
0.223060249389155	0.375458287073404
0.163988276487218	0.282031297890322
0.158446448217879	0.143222794535043
0.229296770161474	0.214920588433573
0.378425306405841	0.0176948118049990
0.310272405853738	0.409783781976445
0.373537733305103	0.0571725142631754
0.287128720367515	-0.0632794095180878
0.208737894608140	0.214088284828121
0.422256323333271	0.305380012002124
0.231949683793807	0.292191247326082
0.231082944797272	0.332004797092812
0.159931515997109	0.276679440737857
0.275712363731492	0.173752932872810
0.189492637649578	0.248417701460248
0.266011225891630	0.284180048339918
0.226214392757252	0.349244300045771
0.247609049879624	0.329656005982488
0.126283779021361	0.243546127046569
0.380522022006782	0.382191024311969
0.274663389093834	0.256176238769315
0.155858306763610	0.294993973861984
0.453780443742283	0.161491492383359
0.257299309283019	0.180932979607889
0.351163354684226	0.172792855559348
0.340081096842545	0.296402590228799
0.190227346087140	0.279924230942205
0.204710113244823	0.324069561826476
0.353757561642621	0.215136978703258
0.332043062785961	0.273405222924694
0.235594660855509	0.254242621826723
0.392224047235963	0.371268686199964
0.252974327562018	0.299887779257891
0.254964003068302	0.317299716715277
0.379947706454654	0.258801557786981
0.220989385864216	0.188916219797540
0.459721416689312	0.167134180801174
0.127831542837491	0.283410236930817
0.234333518604669	0.134957540288004
0.351656119732230	0.183632355848619
0.251226918561046	0.212382207338397
0.316945542902158	0.108513475081375
0.256850429857291	0.254795456408285
0.257420914343178	0.172451385971231
0.166659840362293	0.487533826479985
0.0913026485029202	0.239675462791281
0.504035507352105	0.162806387503112
0.335399903400261	0.417633409105284
0.266182589811447	0.0539021156050093
0.273455280868455	0.238179350519995
0.208317626713683	0.226587002104586
0.216817806376102	0.326220541738286
0.337110343752376	0.309776575683737
0.330083091167192	0.585956106738686
0.245810052430160	0.171147583368905
0.243762046639931	0.293076792436375
0.212333921596079	0.308218753660473
0.217152301406574	0.224726360698104
0.275373586197820	0.415113475368889
0.272880825422073	0.326433230370926
0.234961303358746	0.111846817851901
0.348273621242261	0.0871797127524083
0.192125102466666	0.468199427975266
0.439201014673750	0.378067464787139
0.279295340377881	0.300118249499101
0.193300956330834	0.270365008463450
0.180088547407302	0.185795838006770
0.312636102141575	0.184046542275962
0.358514278033197	0.304845754367202
0.239578667675903	0.218620119176945
0.213880821934658	0.435235735182536
0.377885614596363	0.267025670715306
0.232901278162252	0.350689495297175
0.306500247166310	0.363464937038970
0.285386597642791	0.255377259234413
0.388819600486872	0.249634466426147
0.290163667016159	0.253225889792341
0.286656466706657	0.279492242134798
0.388276001952328	0.185577912518112
0.268144674993161	0.300750625683176
0.232268814716936	0.102835177194611
0.217471937380093	0.197507499465493
0.220616888461257	0.267375904514112
0.414119237508422	0.302613616563711
0.377622496803783	0.354765348362761
0.351171615900728	0.422024021624898
0.220055288224958	-0.0672972599181896
0.108065810869221	0.243498114498803
0.0491054573243241	0.388137226496840
0.240469175351457	0.386400518629245
0.348535498835973	0.316553647907372
0.181825722038035	0.236269300457032
0.226927002981860	0.0637336309868841
0.217456909985029	0.500756578623303
0.207759587371615	0.345313037703865
0.195667703767598	0.307603705551150
0.446076263221533	0.344372579621708
0.170988668246615	0.206897486708470
0.319377707185341	0.245195938288230
0.149312121760927	0.0844820565946481
0.318722633618719	0.242629052446845
0.301315129691540	0.152212722024663
0.393327018419457	0.277694266569049
0.306579778267455	0.283820777351680
0.455061276814911	0.228311396654489
0.178312625490962	0.259688057005628
0.174291953699760	0.143440546896121
0.235489436451444	0.340563793432736
0.201138157529245	0.234384012238440
0.245247688666310	0.320458694181525
0.356030970976468	0.145797443797026
0.249717534124552	0.0927757399631418
0.276135825391098	0.211794717818737
0.309094034689351	0.335898704479579
0.219987637459894	0.388513456015124
0.283074861154657	0.244049201596034
0.166625471982775	0.346597916737828
0.270185461848919	0.346691232205160
0.149055400638154	0.312626548784860
0.157995177995675	0.162038576050833
0.316230745563710	0.226369085993186
0.375843038520524	0.169207359215398
0.381349981456416	0.427358218522421
0.238181287334880	0.362068224553067
0.362830388587619	0.336818583776837
0.316199260102656	0.244175096511489
0.239268904403690	0.190001238321120
0.234250518941940	0.0629689453876788
0.170499452495069	0.0813107215563253
0.271331392196252	0.247126295910579
0.267339475287362	0.277305908654548
0.201683436720579	0.183746537370161
0.171683148212993	0.252517583183445
0.191931914535333	0.198973591041075
0.0615808989267807	0.308838300562015
0.322558372309012	0.382747524899031
0.0777755780598727	0.326293238873142
0.310887336037903	0.209930398334716
0.259437145605674	0.341996167741690
0.314874611661384	0.285767810381218
0.121076259583327	0.191675741030205
0.257536047546986	0.350137384979115
0.496498213177683	0.201805267995065
0.336853065386605	0.147394527680285
0.228714018263315	0.00353673726413012
0.217810585543989	0.274190119587576
0.118262248295120	0.322184266026128
0.335840757149151	0.300025174621763
0.0794165756798184	0.175636215011577
0.200428148775660	0.275980609072073
0.295419395312787	0.141342477960941
0.281716751621197	0.348174267576455
0.251583168505648	0.136224598829107
0.109505362674420	0.319038061446792
0.327647383215158	0.335702244656396
0.123130831357710	0.353368058950008
0.311593059035728	0.256590394498848
0.198117198784111	0.280030701017162
0.271063320197134	0.264950959538558
0.415954849630105	0.132941068615872
0.391780454725572	0.264602372319380
0.224491537561317	0.314390961418404
0.204323323715734	0.188198703112947
0.221534742620465	0.0447095055926829
0.373052420109979	0.297430661338232
0.0764442369799769	0.0856167304447909
0.226199459436471	0.0694908832799053
0.164976372020517	0.300598516481199
0.318261021130865	0.231217735830435
0.158015530788282	0.420704057136035
0.277882075912137	0.116513036754544
0.280037153749729	0.315721368921109
0.395586238812358	0.186178184936471
0.247512833988653	0.135815822010357
0.266719589296509	0.178303500810819
0.161196572776138	0.207973600899683
0.145605160476373	0.272921902044419
0.253242297481361	0.299995907901646
0.311756638396128	0.264776081101116
0.136261507320080	0.242531142354909
0.232956201040541	0.352940155148529
0.163701155424748	0.167667750162867
0.155184620371985	0.227078865750473
0.199930207115197	0.254985768419761
0.324768511016320	0.185573984831886
0.168520871264604	0.271618308805427
0.0705912181822548	-0.0606544524478461
0.303190576507295	0.219269592858750
0.337780974581025	0.379759196451722
0.148823893382436	0.0845154166995438
0.220356685599031	0.195098615206377
0.246904302131546	0.337936448453452
0.000271272005368473	0.119238493372317
0.229211042130109	0.195271953313362
0.205974978104682	0.248958214248118
0.318685713619869	0.293595396089945
0.301808910749529	0.345831858983821
0.331571705159814	0.412956805247740
0.324364502159122	0.242014644697001
0.297602951911655	0.347875220701455
0.162212269233586	0.239879751231193
0.263642451386447	0.280132503383747
0.00355066968771051	0.228101330927977
0.198000037189869	0.0956691306644316
0.295328148486808	0.189610233765721
0.401323996320485	0.157688694141823
0.105907797461993	0.221678931231179
0.258684783688797	0.393484123071348
-0.191622256386821	-0.0782010996390633
-0.226034841028380	-0.324897998900035
-0.252215849804546	-0.314149476279014
-0.204365554982338	-0.299996792841939
-0.303991256058779	-0.224555272283121
-0.156557716391004	-0.260491320478563
-0.216222299037710	-0.374092139142196
-0.236738421037417	-0.149471453508646
-0.166044736558786	-0.217034728700539
-0.324637160109359	-0.281589444907073
-0.332941336149377	-0.401007674878138
-0.245349938793888	-0.203118197501159
-0.0223372470292174	-0.378392826708660
-0.311927683869634	-0.250706302764495
-0.460546800313005	-0.210930785735811
-0.391900305303849	-0.255952768215155
-0.336766947630090	-0.211288132668244
-0.190533218342527	-0.217394336365661
-0.304702939181519	-0.286072262567818
-0.263402868171063	-0.228097456457594
-0.346864180818258	-0.348336851704285
-0.0953359661787658	-0.197024155829624
-0.232423951857424	-0.283635731572655
-0.320591435473344	-0.359343831829430
-0.181300235027550	-0.243656595029189
-0.272941866596277	-0.148114329841769
-0.382122228470494	-0.0140071601018748
-0.131342754228126	-0.314880422416995
-0.246709960405396	-0.226420549946815
-0.149316310715951	-0.354184223325811
-0.291506872186385	-0.0981925298860127
-0.362476613226451	-0.164585475808604
-0.0844293697629650	-0.312237501643175
-0.373681409814093	-0.0955927213188405
-0.113091566295972	-0.256861827478275
-0.248862154915514	-0.213790950398454
-0.565628483848534	-0.449736510302623
-0.482769437896485	-0.499294609547839
-0.498981630801240	-0.187845607188442
-0.510302894984478	-0.130811511500883
-0.177392111444126	-0.143906815512675
-0.0671071067274511	-0.329603365269557
-0.181992726308058	-0.226679550905891
-0.220380083636811	-0.345817736191136
-0.223310672010495	-0.336422923981762
-0.171384390775004	-0.331573343506800
-0.233811613922175	-0.219064451927181
-0.349831311702530	-0.0426728497448924
-0.195964001814742	-0.296954967857623
-0.302767070449387	-0.354781402301870
-0.366406478421365	-0.206611666289789
-0.353908877766541	-0.184884491476529
-0.329641069829718	-0.268373801066461
-0.365938013615562	-0.227663828018859
-0.211032141197229	-0.0705778945480020
-0.222219188691024	-0.276251515461100
-0.254882774709546	-0.189749884031696
-0.0950050962486982	-0.114929501202010
-0.0952439192725287	-0.207588824106803
-0.277419072647245	-0.184421950680342
-0.308801107162667	-0.308320529693705
-0.220874045813335	-0.244749123924683
-0.289216033637140	-0.250952195636952
-0.266639454039706	-0.117552994594172
-0.139563992599160	-0.0605602637059965
-0.270887125200944	-0.244483303190457
-0.209400750926357	-0.159545818315756
-0.330143242505648	-0.335749445093324
-0.303995909896921	-0.432175733837840
-0.285599913692533	-0.170599242795652
-0.434603461885533	-0.249000940210017
-0.271439747685504	-0.357179269312137
-0.304430852364787	-0.0171409904936072
-0.234441566065859	-0.258927124520088
-0.248462750234287	-0.285687590555256
-0.215820061515187	-0.348101141990310
-0.233817751489297	-0.352939381271643
-0.221458794161039	-0.363203808306299
-0.321001228995021	-0.278523107609570
-0.350997480414552	-0.122401016646817
-0.314733038343385	-0.244509941441879
-0.168389483606452	-0.0233023072584110
-0.275962033264378	-0.0739831621136364
-0.138275828445166	-0.503853495782288
-0.194303693691579	-0.210700666845861
-0.298118912817475	-0.251928107704313
-0.402560568668786	-0.317928453708832
-0.0930673295677687	-0.267323576295716
-0.111204238497395	-0.242534740932594
-0.278026330269680	-0.161151525433556
-0.269825590089050	-0.291087026962360
-0.278702000177481	-0.198477544697700
-0.113435379753249	-0.238186753035639
-0.0235952028875615	-0.236749332113895
-0.283749805966499	-0.172371747685753
-0.326273281189085	-0.155600533200736
-0.339181174989730	-0.103209832626149
-0.116565675982148	-0.329734717424823
-0.0772074385326588	-0.253716538960324
-0.173749648989552	-0.387567049947234
-0.105421975482632	-0.0875060031328972
-0.212644766657746	-0.301011893829501
-0.393341183148794	-0.215367772186664
-0.0842620223922092	-0.280136685245697
-0.113923334682872	-0.358965783796731
-0.284571254598453	-0.258815935909559
-0.300657584165846	-0.125733359172722
-0.188123299642698	-0.301170153317836
-0.180650370326200	-0.363610561719139
-0.177713778970378	-0.188516714299273
-0.179990370388996	-0.419862008183174
-0.322494134175964	-0.332022882158449
-0.333817571828201	-0.220530695466458
-0.267524088656671	-0.236988844048253
-0.0292314386316582	-0.285690783499665
-0.241397187187204	-0.322501323732103
-0.147989790327874	-0.177274215338173
-0.491222650137902	-0.252915199101132
-0.353736214093888	-0.230503976042083
-0.262884478013385	-0.273829837872975
-0.323875462192744	-0.134952620242476
-0.0291098849490966	-0.152606258763964
-0.145790637556220	-0.181814945192541
-0.381067425124245	-0.185896421765414
-0.521012453647930	-0.335572248127567
-0.353623158114510	-0.258740223801125
-0.307424287921695	-0.241618035252845
-0.170227938165361	-0.246940958942918
-0.314541052842105	-0.210849787212771
-0.249661922839955	-0.376957108452957
-0.277129970320195	-0.193345453564731
-0.394429740810156	-0.375386613513458
-0.257200077428621	-0.0832110668366886
-0.193181090549267	-0.249111387083247
-0.301736182430577	-0.212615575458931
-0.183194847519729	-0.0499826123713401
-0.218519988722884	-0.351374688676729
-0.266928611257462	-0.245749539045191
-0.376589349116368	-0.152263292064587
-0.310220791401849	-0.303061174053426
-0.294423959191640	-0.349357291193258
-0.336856970750864	-0.281244979008894
-0.198613844057833	-0.232273452171594
-0.280635238878505	-0.217643343615725
-0.262746677273941	-0.285615012147258
-0.166879414166206	-0.155714242820541
-0.217633751047759	-0.141329367934599
-0.325728594770807	-0.128974442594453
-0.289379064476314	-0.226515542052829
-0.491687730998351	-0.278862422241465
-0.147752845779818	-0.442469028591635
-0.187095217955699	-0.245598377735478
-0.227019089569417	-0.186862359225601
-0.286293825878906	-0.420830931089062
-0.330826035555542	-0.540637571434522
-0.307763768911437	-0.222595103299850
-0.265406173229059	-0.173777958429569
-0.180120772330278	-0.123864287343483
-0.343433975643133	-0.298361737322336
-0.202704466400525	-0.328621244071885
-0.287976296921194	-0.370898726243437
-0.182804249736511	-0.187903471245470
-0.213390754105898	-0.313004887079330
-0.232680751207733	-0.178731080602362
-0.512592008116100	-0.193049066284529
-0.177522260006888	-0.239485592756181
-0.293501765266715	-0.201256884334062
-0.148797672203091	-0.290843892354671
-0.416400518617535	-0.238400525678893
-0.204236261941398	-0.345569797087871
-0.200554924255745	-0.160140736283181
-0.161863287214899	-0.242161840447970
-0.220895960411683	-0.137262921221868
-0.283748074547907	-0.287679602313187
-0.268244784084114	-0.278078649854007
-0.367690108039480	0.0660162145139689
-0.0781366523594747	-0.146110792265617
-0.243811548975692	-0.249979468340261
-0.499163839493287	-0.128491048097198
-0.173864320814948	-0.337391628590183
-0.191619448445456	-0.0967588231627273
-0.0673109330680140	-0.202112229189289
-0.384681458670840	-0.248849613780159
-0.265428615167948	-0.217657324197698
-0.274424307945485	-0.178250804152214
-0.314406410994818	-0.368124434809673
-0.216833808841258	-0.173549064212470
-0.370672656857385	-0.164533556337738
-0.104332729885632	-0.429687336305538
-0.179236654225543	-0.418496175489528
-0.226005111595218	-0.158078366689215
-0.223493995048591	-0.319723883496092
-0.406216214715370	-0.478068852735507
-0.0378938281703728	-0.232403780863865
-0.209481949512267	-0.341809146408476
-0.204353300250708	-0.258828257407212
-0.141077569281059	-0.234365019882535
-0.130071362154867	-0.243141753904652
-0.250330609066945	-0.315257006414242
-0.328969128494030	-0.487215760941648
-0.300319763947409	-0.102432954530022
-0.210087752634021	-0.355372752032338
-0.351751828364142	-0.0893101820578769
-0.350088190890114	-0.424506491559960
-0.175131614153993	-0.385782124094375
-0.194031660157227	-0.279755607102759
-0.361302667394920	-0.236321741555953
-0.329854627680306	-0.180910087133344
-0.334172093138672	-0.323693203414404
-0.259764755867036	-0.217211650436276
-0.225156634964708	-0.123650164185258
-0.155184665142918	-0.363602190448349
-0.307320568159214	-0.406417987626674
-0.0331509131023150	-0.278106479701797
-0.200122763121290	-0.260793949337410
-0.387458005444262	-0.264605401354671
-0.179639710429337	-0.0574760210089286
-0.464475552348167	-0.148739647617363
-0.311630199438961	-0.296359395615645
-0.100056588520864	-0.406452068720640
-0.328254238218298	-0.0816266657980309
-0.346949360667461	-0.166072831320959
-0.211798036265738	-0.294967050792877
-0.327730001782314	-0.306573554794243
-0.352361749888698	-0.249719873038570
-0.256450533320444	-0.198376208979355
-0.408240813558653	-0.327776236875202
-0.238131520758502	-0.253468026855696
-0.194201908082168	-0.190785043914625
-0.228182071438150	-0.210965471048615
-0.245845154077960	-0.366577931207439
-0.370795253146620	-0.172296919897047
-0.308282635414710	-0.317114041730515
-0.306652531100387	-0.210617683290244
-0.346766691745369	-0.494516104457239
-0.0600009260233257	-0.193384350847242
-0.216042039388340	-0.224317946497945
-0.225320205637504	-0.260039003379322
-0.346573266918663	-0.179082422533268
-0.390733409237435	-0.321210156698424
-0.305333023321026	-0.231522622483012
-0.132759370837540	-0.335235567433359
-0.180946606264608	-0.318139598300595
-0.314218392684906	-0.293951003108543
-0.178739527625468	-0.220247141305369
-0.377322284483924	-0.200354909838499
-0.250114184093724	-0.0438933663902337
-0.200753498453453	-0.281782536421956
-0.255239407350749	-0.121544198421305
-0.313555851356409	-0.109658491223961
-0.292757392253092	-0.250590126188789
-0.300163881073959	-0.0589625177398462
-0.266399992004880	-0.105780087797545
-0.167690864170886	-0.120919038882211
-0.171692352971612	-0.0236853066590915
-0.254915595173200	-0.225847029697302
-0.294092996324962	-0.365312216676929
-0.265400581320852	-0.212868384632206
-0.237538078064569	-0.229871316267291
-0.154231567142778	-0.194192399388272
-0.487503517181637	-0.255115572454370
-0.250590795979524	-0.216663245307334
-0.541571967483037	-0.170751925717966
-0.251039802013194	-0.296758468293916
-0.275762866235220	-0.193320765301257
-0.440600316673241	-0.229293308732724
-0.521222807211850	-0.147155813378889
-0.265814346009468	-0.221793320683172
-0.274239122302083	-0.399841362660949
-0.426867274428118	-0.333079990085021
-0.145461731504189	-0.330846984953169
-0.212569652871318	-0.248384090459296
-0.296966528743397	-0.263060696372524
-0.386033893480330	-0.179858682039239
-0.411689366869615	-0.217890073378437
-0.231285455096396	-0.232375383339318
-0.366692892194260	-0.244244161485117
-0.293781723009041	-0.350553145442304
-0.311770625126337	-0.220496001690275
-0.405471327504785	-0.137096603967441
-0.180341642494201	-0.144516598692823
-0.150902794844245	-0.180447256787721
-0.116977178210487	-0.171492685318325
-0.223514930006053	-0.108881682947364
-0.341506284414020	-0.151255028129146
-0.306469454641175	0.0109134325932804
-0.400164678428397	-0.417116322935345
-0.310460194708947	-0.295560266541511
-0.0674775699802965	-0.134067630964198
-0.297382024871355	-0.0574643412373525
-0.237297694128460	-0.246763101372421
-0.102662302066618	-0.150648682159444
-0.386027749604926	-0.0730238451488394
-0.382472098812187	-0.280216375607784
-0.293762763166211	-0.190967313478016
-0.169235410346192	-0.310282890865512
-0.217837098949515	-0.145688610020200
-0.253380691795236	-0.173962766155054
-0.0791334387459957	-0.218351231114391
-0.256530887859701	-0.292351832599009
-0.189832071395815	-0.241977905589973
-0.341042163025547	-0.275185322956489
-0.253958243094696	-0.409472943276410
-0.402780935323333	-0.261015357165893
-0.383329098536922	-0.131284929835649
-0.194150452771975	-0.231465478498114
-0.169742861873188	-0.157578289343862
-0.296194952137456	-0.226057132060415
-0.403802994240871	-0.244644028433012
-0.267486764099297	-0.190153748470492
-0.268892431405059	-0.211013791307178
-0.253398716643601	-0.328216206492485
-0.288593064040725	-0.330684891336519
-0.204457927840507	-0.102471048887707
-0.390846753890240	-0.155756384553367
-0.305914554895746	-0.227914786360911
-0.148551458910854	-0.316945269915837
-0.340955742813945	-0.289662343245252
-0.219318853002592	-0.228323411870665
-0.177733395570802	-0.203106039804921
-0.251297181760996	-0.285221817470460
-0.213065245318365	-0.342140404975654
-0.211484688893240	-0.254337796321740
-0.242179826766269	-0.361490072266949
-0.123559076189807	-0.158410729776202
-0.189008356104305	-0.160713889593453
-0.0634651734541899	-0.00527418459375442
-0.267523318421442	-0.303634548193054
-0.173961228996021	-0.184637271907728
-0.236098794430684	-0.228579639705145
-0.350446437980149	-0.296871127508549
-0.350681226507620	-0.170532404164356
-0.268466682865204	-0.176217151191169
-0.173046799083976	-0.204184857065057
-0.279799507592116	-0.192851083161470
-0.270554947513099	-0.311770511810207
-0.0161194180221357	-0.250611215998808
-0.0672384529255885	-0.397445759747748
-0.170698293042452	-0.420870458858141
-0.139597649406240	-0.157489266313152
-0.246455776317628	-0.341144373200806
-0.239720334171656	-0.348735815315561
-0.195724430405277	-0.180341290809140
-0.102101602480813	-0.178557049356890
-0.230267063484692	-0.323906702477084
-0.348872367533179	-0.271759031214772
-0.347080675327979	-0.243106927187867
-0.484711519587795	-0.149504608063691
-0.196101242340687	-0.140530051510023
-0.292397394145748	-0.290561734129919
-0.168666412510522	-0.243272598969751
-0.198664924148636	-0.220048038234645
-0.144983143654651	-0.135086412439480
-0.188161110462611	-0.447757422490972
-0.241832680912761	-0.280034620918699
-0.372205414185160	-0.277501340792316
-0.304898749547329	-0.401905573596882
-0.213593040907658	-0.131465930005571
-0.367133235976520	-0.234377163942250
-0.330999262314182	-0.178985523085138
-0.368468930622035	-0.268938128720345
-0.150354691335419	-0.481104888184932
-0.260479246403643	-0.349030955163178
-0.265316911430187	-0.129264125537885
-0.271757842958926	-0.214725800738469
-0.267545676672128	-0.269750940007967
-0.488587419923736	-0.461537272848561
-0.415615685426135	-0.269697373389762
-0.412589870427326	-0.416296336068222
-0.219322303720033	-0.330821502987646
-0.250088376481089	-0.277808375214924
-0.274087973667691	-0.310093851734891
-0.283803961622260	-0.151591166572101
-0.362062337369720	-0.317511077820282
-0.281343877217182	-0.202420448071970
-0.171907195794177	-0.136035599599395
-0.279108548360248	-0.339714314621670
-0.152645016953979	-0.126864476876345
-0.146533335499131	-0.0958022382320114
-0.162541269428977	-0.362828345068340
-0.201751971703428	-0.166128708170793
-0.261243651231616	-0.120493109846320
-0.231098557780678	-0.244861654466882
-0.337660478943033	-0.110607601755306
-0.278092551395743	-0.196627497056509
-0.235759081821721	-0.298003061455303
-0.162316811712469	-0.171239001910282
-0.149483027164264	-0.174892229344915
-0.131791082600325	-0.0748253708833839
-0.281955609428817	-0.171277400587737
-0.271021392699846	-0.319447228035377
-0.239160166942537	-0.166837706613404
-0.415947875661150	-0.173940961500803
-0.355900160203283	-0.230473281685781
-0.377121674023185	-0.271600211794541
-0.252438142763797	-0.378147776778471
-0.164622649717554	-0.232408216121256
-0.212707248707183	-0.169134243248452
-0.245500640970505	-0.260221144893745
-0.0833124251749552	-0.305166815238031
-0.229421146836022	-0.458844146906128
-0.417688059173782	-0.288093365583881
-0.198592577651994	-0.306527506646904
-0.380113787913138	-0.0823994388222528
-0.114415574088483	-0.433298538929081
-0.241415355416088	-0.170961132279833
-0.241917876309178	-0.240461911117146
-0.158053809281879	-0.258878408656856
-0.287582223481253	-0.231728519337636
-0.263067211492635	-0.387342703705367
-0.363599134318563	-0.250494503602688
-0.329447095639713	-0.332529725905007
-0.0659749661736570	-0.287117633174020
-0.0774869639998038	-0.421337854096077
-0.164491870555853	-0.193753369660475
-0.362070453590904	-0.204724571032827
-0.284942932926266	-0.262961636845761
-0.338418811263912	-0.344951305436004
-0.373729370483406	-0.288783351366842
-0.186622832050507	-0.390236147940222
-0.325439003905482	-0.118940384656424
-0.151141909480837	-0.271965379710505
-0.119458394013563	-0.0916895660179949
-0.193227381656674	-0.239585314841163
-0.160489200770103	-0.122431998003686
-0.162742749561663	-0.447087388437055
-0.424420512809821	-0.219422257515088
-0.300457203395924	-0.225012158822041
-0.378084365933608	-0.0905496790449446
-0.366926052449483	-0.168744048283494
-0.355245885060838	-0.371186273734341
-0.266392934626325	-0.413555951429539
-0.0887355864030689	-0.329011492826281
-0.262240847611064	-0.261690402844576
-0.193784713868550	-0.150625571078333
-0.355508771290242	-0.212434600102744
-0.225815342340537	-0.367986941410331
-0.368908612233781	-0.266690598366455
-0.155853174017783	-0.129030204989766
-0.224038817359627	-0.338647349699633
-0.252613311963668	-0.134003854616045
-0.245694557181428	-0.204118372166626
-0.283382675423054	-0.325152824783409
-0.412007571473707	-0.150576291507908
-0.285635248467273	-0.197942633059795
-0.281077706360588	-0.303263714378331
-0.377367570313820	-0.356128167002364
-0.216067734175098	-0.196973445417656
-0.175392282202631	-0.136145977229872
-0.208879654059041	-0.132209476495021
-0.142746136426163	-0.217510294117572
-0.145803024326184	-0.250838413068911
-0.314898936062054	-0.270357212171109
-0.257573043647200	0.0310386520031865
-0.242035560805890	-0.287878141579372
-0.122444790939025	-0.256720478652623
-0.303381162351014	-0.349044716252059
-0.157593674030020	-0.216478709216394
-0.225623495423644	-0.271860959726682
-0.225154464022334	-0.147850386141170
-0.195802688170956	-0.206676794717670
-0.187931148762798	-0.268887593089340
-0.201409279897217	-0.261476315272186
-0.115401070386425	-0.296133086012905
-0.258076396914433	-0.391610610026631
-0.178430895277200	-0.383679161884014
-0.331439151865175	-0.424487238319302
-0.149534005748091	-0.299496555522053
-0.265639718636047	-0.377016313674961
-0.0905727189346718	-0.110139590173145
-0.200323809054709	-0.376568026463717
-0.272685018987236	-0.279478886376252
-0.251525115473494	-0.199440166957350
-0.222042162670202	-0.365462511359035
-0.391694482279088	-0.244235363387789
-0.196719606412332	-0.431664278964459
-0.247534352425562	-0.307368969461061
-0.176296983199782	-0.392209842446553
-0.179988499244363	-0.221206329087360
-0.0782055855449767	-0.252893257875469
-0.188927693342569	-0.267050298684293
-0.205860549048625	-0.312339264075961
-0.221815615598928	-0.399301348253013
-0.0417286066520192	-0.324220584404104
-0.261096752973542	-0.176069796864592
-0.595374816881509	-0.345900358703221
-0.378417550835221	-0.0581226448509486
-0.337484832091185	-0.427888806991316
-0.309007558635426	-0.326008837102411
-0.178344501406071	-0.237911329256478
-0.248840482682930	-0.236966364770027
-0.166210506435645	-0.293400932921860
-0.134970906736758	-0.410791013988307
-0.336037429401162	-0.356115946215241
-0.0504242959607910	-0.205246466997905
-0.237074991642687	-0.527453226117814
-0.480947484081454	-0.154693215689392
-0.196578583562555	-0.223474772378686
-0.272487966067151	-0.214163195920116
-0.360071747739734	-0.195213978443629
0.168205760335615	-0.199989874013742
0.161992648174801	-0.331840943416172
0.237284900412904	-0.402790455350292
0.297290740480924	-0.250085933328986
0.279355575119142	-0.264314142090918
0.181433970848316	-0.282731611271063
0.231336883282602	-0.246701480448599
0.156971712472736	-0.316064072288399
0.120158931297322	0.00729529606088430
0.239741029475783	-0.310549602817641
0.292489539634894	-0.343978439169941
0.0598789802563129	-0.241931023692948
0.253244409490987	-0.0468815435491932
0.290326830652403	-0.297226081333904
0.147903703541731	-0.138954033659658
0.318702227956795	0.0298733975741362
0.206489883409275	-0.391099677909086
-0.00596113466563575	-0.382975891366049
0.348593332282381	-0.329475077733806
0.144160131019786	-0.170493585638940
0.245344847206470	-0.173115720129394
0.236520988730338	-0.293353010761457
0.314578544940235	-0.267033668787500
0.288141659960971	-0.278907099492480
0.139521229743913	-0.369771158200404
0.299419093291901	-0.177447666228409
0.256083382075123	-0.168548614061872
0.287012135298485	-0.281565035836346
0.234908450419280	-0.211998325211517
0.168074530354876	-0.375626180476112
0.166419600696630	-0.464722256479612
0.178041475745854	-0.0155097132506524
0.416040942499717	-0.345399185447623
0.169357974594190	-0.235829036853254
0.364528994971858	-0.325253280954425
0.199503591664099	-0.497465311714717
0.0302036067456803	-0.244787479911193
0.219038096661798	-0.299794111789007
0.432587801304601	-0.549980242718585
0.261750667389296	-0.211689546366520
0.223608995999247	-0.336601358557387
0.185866624724512	-0.348453147425659
0.321695140115952	-0.355527189415896
0.174436795498695	-0.458229262210682
0.137505916299677	-0.221710058894096
0.229849951480903	-0.209527350231464
0.244137668612636	-0.300197284170577
0.162895125705427	-0.316873385133040
0.445094291439223	-0.416686900269328
0.285017066153181	-0.277765837920537
0.0981554691874767	-0.437569686669581
0.231530155683288	-0.155544259510565
0.0930823236240699	-0.212210001944794
0.239487389123638	-0.363534114606080
0.116459978162743	-0.338342952802772
0.252253122651331	-0.333521275367056
0.383208317497760	-0.0265251053505984
0.373028320389882	-0.262625691541579
0.0931952624849493	-0.145509160256297
0.332296671506833	-0.385781837360454
0.155962152324339	-0.441923200100979
0.150327191256782	-0.349819278235202
0.136751121403944	-0.194101013771072
0.217856198961964	-0.225186063927501
0.384172441564281	-0.168622798805958
0.186999093073379	-0.462913308956038
0.172608205236775	-0.180198681182143
0.451669765411546	-0.247856065999852
0.397091734939999	-0.488466788333373
0.209966869559137	-0.219064063528826
0.323811755863887	-0.248522636943740
0.169799446618098	-0.232129182460744
0.192097281976922	-0.0735561096654057
0.448033901817726	-0.274053129989841
0.428411069178178	-0.188652673700464
0.244428122499601	-0.187544913274239
0.305013017290118	-0.217834741808547
0.201618237946428	-0.261164264481312
0.269099121157392	-0.0412389975358945
0.0783845807053298	-0.0174911096341190
0.361255801100376	-0.148517464802975
0.0824425787599690	-0.332552265822270
0.221387683242398	-0.198586324531691
0.101834091798509	-0.265471685517222
0.0942271518077185	-0.144132365353431
0.147047639705365	-0.269449574386313
0.348182588602695	-0.187206641212399
0.0854167573185296	-0.251112817392890
0.168947928064998	-0.378679881654442
0.390033131272905	-0.0942233346020492
0.256810127284003	-0.230815835306171
0.206604873882039	-0.0990284365264260
0.188399699849855	-0.202107941806583
0.341261371634378	-0.225868503883774
0.177432852716890	-0.208135780634879
0.215150576983751	-0.301107656583325
0.360029859348854	-0.416172605896194
0.310705850135749	-0.302719499525250
0.415413455502218	-0.244958870175892
0.399116347211966	-0.433054708097744
0.366009155858186	-0.305417712793869
0.373030703256190	-0.197042295923300
0.381158846178477	-0.394577618018465
0.207100454352736	-0.167639095635494
0.191046749263922	-0.210669853291713
0.305860762474001	-0.467857333637739
0.235768809527787	-0.321988361306629
0.148063201578397	-0.331714927202942
0.335198545195155	-0.237380544888164
0.298503722020679	-0.173711048636456
0.238223593901889	-0.221645644633529
0.119765897807198	-0.310564131522747
0.114935415045240	-0.292690640964180
0.198188319658441	-0.170124716858551
0.291451925450132	-0.206639429456962
0.328150611537776	-0.107456111172067
0.292723102510674	-0.403225046649286
0.263580563736904	-0.269378217380325
0.405894050383393	-0.251002582390768
0.266324489191791	-0.217620032257886
0.383678331842520	-0.124837413645577
0.299156466325608	-0.373549185514871
0.358715053459143	-0.350248169812916
0.128218588924988	-0.358580187978465
0.463333899389969	-0.290173567785361
0.207207830109461	-0.349251392968514
0.263052929193494	-0.287337517457751
0.386267846682268	-0.421895256606118
0.295419636056077	-0.413267930626523
0.218330502172540	-0.396534266228424
0.357525730858709	-0.210909320073102
0.114794266475412	-0.294866377043687
0.334430152984364	-0.162562185688905
0.450081658862787	-0.318566755968704
0.169637456631419	-0.0526928183110450
0.152629988521701	-0.249500832373916
0.319005976470065	-0.166078604472268
0.234214242622031	-0.283030392928859
0.102706226997892	-0.141265013587717
0.272696294945750	-0.300214870514132
0.255323510024588	-0.341499905599218
0.277963838437524	-0.102310357265350
0.156593742308338	-0.295824420821537
0.162460656657852	-0.165190551598993
0.300181407430314	-0.420889394752690
0.349005258907316	-0.214418711035797
0.229732037199028	-0.234323602477478
0.123148564495434	-0.236763453826759
0.179372692185684	-0.323443464694617
0.365934516755116	-0.372467629048806
0.408710337519624	-0.150378219344273
0.356298122333190	-0.205514050081529
0.155332160161831	-0.173026008149097
0.200465248520339	-0.314269436587297
0.265289870403017	-0.339080474291973
0.206707697988885	-0.105215436664216
0.152866271943013	-0.481664583935210
0.404828377919418	-0.442001142261385
0.0829384551616341	-0.187930260733153
0.147188363371560	-0.0659670273420544
0.329979497328556	-0.171981697853465
0.247306295213241	-0.352229910696040
0.165858699814766	-0.311274700746938
0.101263467328365	-0.356457175571986
0.290609175835350	-0.216094169515649
0.304444514165345	-0.0632583350515437
0.0202336908679081	-0.230284969412999
0.332780113157808	-0.387324919932412
0.354656275060096	-0.198932596694549
0.215251172392219	-0.123416285620104
0.381413846536278	-0.279139396390343
0.0774334100985457	-0.226938944532438
0.197099908413727	-0.279253148487048
0.279730225748364	-0.322061103871676
0.177060371262640	-0.201769656580589
0.289682730925973	-0.170029953445774
0.176481402273921	-0.316831977894569
0.350645283549032	-0.420845079654905
0.299687740554966	-0.267890267142941
0.238065646853119	-0.207653099686412
0.243072195656818	-0.226262097756107
0.299161136499654	-0.171023906599259
0.278653187378596	-0.397481136697499
0.125743081605233	-0.318929949673321
0.0105768148077353	-0.350729438633018
0.227365017940987	-0.301048781694976
0.306328140289895	-0.189324948715826
0.286314736753555	-0.323330686336436
0.388895749148822	-0.257400059985375
0.367274876669714	-0.292712086170752
0.342145246870878	-0.256313036991825
0.354433393268763	-0.243870181879579
0.345037920834736	-0.419182141532149
0.259296178775102	-0.0893448892964755
0.176725381966710	-0.267005228842589
0.0793515347357376	-0.172947511934942
0.230969555316386	-0.387311481344509
0.252952281857031	-0.250307084908466
0.183513144293701	-0.267509243199300
0.00110787690943800	-0.236507534196083
0.257902513723658	-0.267381188126768
0.246624019453924	-0.218700475325818
0.0272463644054949	-0.262340706981539
0.365323732197531	0.00107391805513141
0.235135482112580	-0.162421377752182
0.0490904783569218	-0.389029538829143
0.178598738481505	-0.0940873753631202
0.280732849652275	-0.199736912351930
0.383210635819099	-0.217017332701203
0.165265849523232	-0.272949108863322
0.364897239511163	-0.0597642436662169
0.330505793299265	-0.221120120420066
0.278529475745260	-0.370517411420243
0.221067241994222	-0.215977902303126
0.172251467228548	-0.255117496946722
0.147024772098765	-0.149144734366958
0.134695606998429	-0.220000093744104
0.387204019906349	-0.212309988970949
0.226041541813832	-0.255547595902817
0.418728715022964	-0.206210865010864
0.234057635420408	-0.351827171478686
0.298030376909352	-0.258351849105188
0.250070296820581	-0.350856637249049
0.389900267206796	-0.330785465745376
0.262543533804662	-0.315191917676049
0.197623933664053	-0.350905673722166
0.397603615574300	-0.118001146617437
0.311080370195914	-0.0341927976478326
0.356365452350898	-0.0924835706891762
0.206723197230313	-0.329937443594436
0.146943903157764	-0.191915344592388
0.333810193320972	-0.239887535319577
0.157098408727627	-0.371989650205247
0.246036163069076	-0.266559140280815
0.390150827988310	-0.169710554670905
0.328972475089435	-0.185536059386183
0.353800340407583	-0.158244462744521
0.176888914617033	-0.311429774174516
0.356107721055838	-0.281519459452090
0.333146424622595	-0.166923332568755
0.122091873499969	-0.0118265654010331
0.281928873088826	-0.158675712782552
0.197944602023051	-0.320355146661699
0.276147295443204	-0.353949202177111
0.316793925285941	-0.374521081567895
0.157191749782008	-0.205515565483423
0.296213581787280	-0.310596831111985
0.337554910415364	-0.206371757090101
0.195304394376653	-0.269390253620535
0.313988881349716	-0.198482434878287
0.329604600594761	-0.178161270932226
0.340724826779590	-0.190816040281696
0.199391064827375	-0.324595096820983
0.131800712819080	-0.262779835573498
0.315660756884289	-0.0562383366582686
0.324053301254206	-0.313737624408593
0.216569790754999	-0.249688828150038
0.388355729021130	-0.317768009335977
0.132090549186277	-0.229276248545701
0.192035043193892	-0.221409081207096
0.354034404063858	-0.348033989963033
0.383880844075994	-0.320686500113312
0.131653119049763	-0.215853691355620
0.198909139301329	-0.320917264423596
0.301558138049420	-0.382401080302907
0.354880864515519	-0.335652154590866
0.0964787080982765	-0.212278666571263
0.424135698425645	-0.313972666996867
0.282052911420869	-0.309657074314265
0.158700556679463	-0.358078015513635
0.249742243991886	-0.220527374339817
0.251287814074512	-0.121741024288518
0.108538256375489	-0.383597805243085
0.252063328629401	-0.214439334692328
0.366675762734560	-0.454215847289308
0.323408745735152	-0.212180729716594
0.216874408160098	-0.255529599849984
0.213608922603091	-0.279303866017922
0.209807832581164	-0.203747646863228
0.359953940699951	-0.428597397043768
0.199913904803896	-0.376726759200452
0.361539243967702	-0.164381656372417
0.307428284857634	-0.348700799006919
0.399114467822120	-0.117998269682196
0.241485393205097	-0.244421623396602
0.0671447629890354	-0.333253329021173
0.138477823827769	-0.264442265407639
0.354868186304366	-0.371445679238882
0.325670132709639	-0.286386226214822
0.215521464993667	-0.290956712437236
0.280541017648886	-0.448206999160774
0.250417054048146	-0.252753999796762
0.146189670216851	-0.377040164098904
0.219645196506636	-0.0890779174473759
0.432673807441324	-0.156194111037290
0.212721799837914	-0.0913949446097220
0.200874239323303	-0.161961065355156
0.340055128489219	-0.297883080205899
0.337213430790156	-0.221578544661418
0.0916882322102088	-0.270692787145380
0.346899942572958	-0.114647614133259
0.304038501886421	-0.237498823937596
0.337944656080951	-0.203682565449415
0.174724505662965	-0.0891532660218020
0.222198863450803	-0.115080408241413
0.0983680346855110	-0.146422016864607
0.324373884681480	-0.176794153086367
0.200422473499281	-0.0658825226243457
0.287959788940973	-0.309897403932741
0.102266795833860	-0.244105878028510
0.318936601807324	-0.0453484405312615
0.229712889478396	-0.503062406778136
0.457346246529353	-0.357154097622841
0.147515906950272	-0.229881748821114
0.167856523355347	-0.315437325243271
0.277137958045927	-0.485166194026914
0.254170270137748	-0.175313392397035
0.359840005844963	-0.382057858776995
0.315645950801532	-0.301721323881080
0.299621792943231	-0.214832446677987
0.206395226493495	-0.240842450670002
0.332857732767796	-0.401948649792703
0.323003697239131	-0.281107015784913
0.198796906869740	-0.210536893745590
0.0724297434030912	-0.453694720891639
0.193482012548494	-0.182810308339899
0.205724884601223	-0.307505340478493
0.384754726123093	-0.336296554986276
0.324687659247421	-0.256076573581660
0.226868796717094	-0.169802894943025
0.229740213845134	-0.313148440088559
0.265514698872646	-0.144865656447620
0.522079711841948	-0.282910026271513
0.129315143887189	-0.117195387372115
0.240266962356012	-0.171518457508454
0.278894843273175	-0.326814923054886
0.190226809055253	-0.193181496448243
0.195772953053155	-0.298772669397608
0.224134505756285	-0.358299128291400
0.432493760358036	-0.259341208750729
0.305533526349618	-0.0804293463404958
0.200783808920983	-0.269767227730263
0.196051525410551	-0.234091873076811
0.313918420475195	-0.180249356843466
0.180023339434540	-0.358536228221886
0.207264325416241	-0.205151269679900
0.292643177805383	-0.318819276331462
0.256936681877532	-0.300229528088504
0.161991840451794	-0.263160088899172
0.152130575900312	-0.370099942246379
0.333905073457555	-0.307734577811872
0.446058503203163	-0.212900927572580
0.216461168824597	-0.366667390436382
0.316252221537706	-0.184732597902899
0.115194851764260	-0.283766873006912
0.309355971816034	-0.228691197100332
0.106381665437795	-0.311577440287300
0.289633975639186	-0.172359985652511
0.394662387544244	-0.247906099532277
0.271400767715324	-0.422157396241824
0.392295619099371	-0.206627057635955
0.331818470543448	-0.450242094887406
0.117293778422728	-0.162295837758452
0.262359207778796	-0.242407033316278
0.282142066895962	-0.235029228375943
0.198661297769941	-0.506470537447062
0.311050158766966	-0.263725559051881
0.243390571866584	-0.213029567947417
0.357354398810924	-0.231058538801357
0.353575069275764	-0.245907184370292
0.306212700250532	-0.225921791464544
-0.0117148993668408	-0.207143426509511
0.346189431258365	-0.302333696546468
0.0753727128339441	0.0601223230541005
0.291170762792181	-0.229170548024950
0.0948484927097337	-0.178602248307359
0.326862081736668	-0.137462250012063
0.293304784781182	-0.397027708638118
0.317746208022510	-0.124419443350474
0.384612236863162	-0.387136923966346
0.439406186306338	-0.190334073131660
0.193259941975523	-0.266127489408964
0.138608340271421	-0.226415942297621
0.269984403003636	-0.167616380328489
0.250227094205164	-0.299101481520970
0.0834762443706332	-0.0805029810853787
0.201940100127171	-0.372101415178372
0.258419782310919	-0.279579536213102
0.224283422983142	-0.379802889425041
0.392017823155773	-0.397953111822395
0.278197631166420	-0.183247573210724
0.189121913241364	-0.173039515631757
0.341852641245093	-0.326653531501988
0.241194234150980	-0.375294290145296
0.244970592588789	-0.235490752667999
0.275315233218935	-0.150210020480417
0.277950081945305	-0.258840632184155
0.0862355275095081	-0.241464667001986
0.285818056911319	-0.228040212127422
0.258550858704597	-0.158708592437543
0.121968838316658	-0.251745905027968
0.305254710091332	-0.330116959942188
0.279527882257421	-0.228719258897123
0.393988021384105	-0.304596094324741
0.291776241908590	-0.0712371079054999
0.253972676907467	-0.278226222977044
0.206051537733742	-0.149907612077168
0.266006621928930	-0.317742097768229
0.445516871375902	-0.254424417883723
0.216138211084147	-0.413710670671017
0.0754269572627048	-0.120979231745854
0.413346701814607	-0.199914318045872
0.170262811262114	-0.319400935429661
0.316374963062564	-0.237184871085955
0.191443002640423	-0.228066818363554
0.125966203364749	-0.138848087286658
0.374773137464777	-0.260716076481679
0.434403875256964	-0.0254062558285646
0.187868594025486	-0.259772674711597
0.286932003792488	-0.240547364210428
0.460379734077770	-0.403835039559652
0.367327460664987	-0.451485429164696
0.216643294738940	-0.104973825353698
0.168178022656966	-0.257627294605700
0.302744752681169	-0.334822894915561
0.190502909332341	-0.0280504259788604
0.267324546224036	-0.398925194593211
0.193452480454129	-0.256908371408722
0.245868860754858	-0.437729496674312
0.260593847001806	-0.125110308031446
0.258025639014982	-0.121702288075955
0.376699814221245	-0.446197594817585
0.237564080638201	-0.338047007750611
0.166945173861305	-0.280318739626797
0.182333095566939	-0.171950252732121
0.339670001657974	-0.318480438879438
0.222652898259495	-0.318441763943408
-0.0464678866227610	-0.205758331794970
0.124059631272772	-0.238901901481445
0.436715200676498	-0.481126844955683
0.292879990892638	-0.211746177915298
0.0820069544018926	-0.130595609642459
0.229030276515702	-0.151057824312611
0.204579830960018	-0.233606352146689
0.236045011485969	-0.353374811734229
0.169200492692143	-0.297740219339427
0.211925279033447	-0.295962548090047
0.144158684457485	-0.338248704770291
0.0469172957928196	-0.297426717336999
0.470429423646300	-0.215693794986929
0.361371248737801	-0.106585006445534
0.289956908820968	-0.154797015765781
0.414460040381948	-0.134890353296117
0.272775010091757	-0.221692372587075
0.241641488501321	-0.188504253540619
0.239240582019029	-0.275940513796335
0.365667648218775	-0.429132219894321
0.337326248230165	-0.246499763005060
0.269187119812483	-0.147345111429112
0.133181770808113	-0.235536957247750
0.263480679880429	-0.207013780503572
0.251684184330441	-0.0411064083489323
0.367943337419751	-0.389370395209407
0.247775600983134	-0.278792412178253
0.205570897193379	-0.134889738987399
0.207433169107820	-0.302313158752464
0.138977359197660	-0.155019991896453
0.304038689288902	-0.280399196395212
0.241544774486123	-0.233350773217587
0.217924325744958	-0.282986439131535
0.307064086478311	-0.248783859890801
0.385659051147329	-0.246253765408525
0.209161058466098	-0.178365143354702
0.144788271858642	-0.146948262451613
0.204543099723585	-0.275234633112266
0.198775390899749	-0.185525367791468
0.312381487087466	-0.252543437930660
0.0840892338379422	-0.147880850618750
0.314456712805882	-0.307842294949401
0.208615737152525	-0.325756171704532
0.184538696453293	-0.159716234262710
0.229848226762080	-0.225490436559796
0.311463733728042	-0.307677825313657
0.477775447386483	-0.374428631462123
0.297588468079241	-0.163049628425604
0.412890070610897	-0.292478958988270
0.0584412563269445	-0.300682358919520
0.278661951240482	-0.252699172868265
0.165064770245094	-0.295390511993589
0.245601516346981	-0.298554127725665
0.0763610957942288	-0.333065759508004
0.0871398960299464	-0.202304728396402
0.325602846216434	-0.149641648047033
0.303450719372311	-0.262120711636598
0.149348786648319	-0.269531550628234
0.216118948568253	-0.254735645317713
0.104057347678756	-0.427842283488316
0.288703527356641	-0.287850267760685
0.320188562607690	-0.0933539766103946
0.198811623424025	-0.258490302137889
-0.365298087849709	0.250816132350824
-0.267246057752127	0.219283709401171
-0.244874664708579	0.451289343787824
-0.474637659565632	0.274400481205875
-0.190610962219907	0.275444948190076
-0.280802556033084	0.393409456513303
-0.167852893810420	0.372950699408867
-0.191247844910998	0.198222826981548
-0.182230793129473	0.186624623919758
-0.125044321684366	0.153649347020570
-0.251868167424112	0.381292571724405
-0.0681393732052404	0.292900664617259
-0.457701975539789	0.0293900360039414
-0.282572466424790	0.0572559111266547
-0.208411195121537	0.256619607347472
-0.188261507145213	0.195540956407569
-0.203170046246438	0.140100567725524
-0.275851002675765	0.282066461083742
-0.236652961024901	0.322116359897797
-0.407383907792229	0.290227071555313
-0.169213479530606	0.330670639970302
-0.375574799691296	0.0957203783123559
-0.164374996197836	0.421116019306150
-0.220752613968208	0.265553954278369
-0.339466251321708	0.220331923286442
-0.287030281467534	0.275127208544570
-0.0851359800748251	0.288537205743341
-0.266946112832673	0.128038985212783
-0.187728704237890	0.152149112909762
-0.258664066552594	0.385400149105150
-0.289521233368372	0.234088268408961
-0.264844545801700	0.151061476529354
-0.500061441558672	0.206211216269741
-0.117581895009358	0.109726456798992
-0.212481441497480	0.251412010865618
-0.247092669820510	0.324231583093195
-0.0364456734397846	0.296848885542873
-0.265083927517964	0.187444640985300
-0.0868241248123480	0.375295864849876
-0.273732588112192	0.319220287923405
-0.343907466528497	0.401999725265866
-0.376864262709659	0.268242339680830
-0.0814614010433845	0.479254490227137
-0.290317709978790	0.155920716720681
-0.170592802982352	0.237083791409855
-0.202838575280017	0.393741350429165
-0.195482406254401	0.187651382610215
-0.224326204603253	0.184122495484149
-0.225935535282171	0.287119080910838
-0.200225017041617	0.417820168143648
-0.283642016926585	0.103780753509087
-0.273427486655686	0.247021866953665
-0.262205226172435	0.372960496531585
-0.326000032588270	0.151735176499618
-0.243845375958541	0.186347209615634
-0.248756372574133	0.443463232421290
-0.175810336767997	0.0678252918687058
-0.253351724837495	0.530017114331097
-0.275974665047374	0.443016967335375
-0.181916175639813	0.147157993056783
-0.260097563601085	0.198552921125998
-0.283247325321086	0.277999620223441
-0.102396225840593	0.374821428663907
-0.264640570735445	0.141202122524686
-0.402300627232505	0.233892109570606
-0.278324537587805	0.103577951584254
-0.161327058458466	0.234113554397016
-0.223012149529538	0.279044697124883
-0.160272539445833	0.301636417769297
-0.309895528256644	0.281495778363755
-0.324858132190676	0.298680500161766
-0.216669196855928	0.329698372093605
-0.252974103133533	0.112068533201763
-0.330326099943605	0.212796493895863
-0.329289561710600	0.241577118645883
-0.256440781391038	0.373390616984429
-0.222022332925540	0.423147766439056
-0.298110256517688	0.205906098412620
-0.292297792155091	0.0768635223797989
-0.0719087763536165	0.240340965647535
-0.0458187489396063	0.351039705010841
-0.379195806681436	0.180088929677586
-0.269219683888079	0.281936906292626
-0.315699839602866	0.145631953696149
-0.263907764406475	0.114697175875840
-0.0940721889401250	0.255230554845905
-0.354981778421165	0.439056613936071
-0.189592064780240	0.307825087415798
-0.326518666944627	0.311760798128040
-0.369247336497316	0.209956990246762
-0.141413454052227	0.114536171147001
-0.141024198457958	0.445631192051344
-0.453339324876993	0.297586186400821
-0.238691095451130	0.236377738829835
-0.223184168369877	0.289339526959616
-0.117247243432990	0.418336216463753
-0.221216276972170	0.158872946242439
-0.231811444550621	0.191048141832859
-0.251276027555107	0.199424646995944
-0.186110663328708	0.341145114120426
-0.171763968723638	0.270885006755211
-0.199331075108304	0.331717900767944
-0.373697823983585	0.119621465176885
-0.150179374398549	0.259546280605280
-0.212968578387564	0.236988547090922
-0.226129984006043	0.358998826657068
-0.354109818290111	0.231571405679387
-0.316708417688146	0.329817121556685
-0.190679441258797	0.169502478033597
-0.323060578047052	0.190890186773817
-0.344020823246273	0.256001571762685
-0.265636105461366	0.147401907332769
-0.121197189964217	0.427496985555610
-0.237704650041518	0.201815810578386
-0.224782639952983	0.0719467282874176
-0.215607478958454	0.156000097820508
-0.328925001255265	0.203523414055748
-0.418546874762836	0.120709840884394
-0.218884660749085	0.0216447940645921
-0.175779771244221	0.336014785476983
-0.167354816679623	0.281100013343845
-0.219549968516535	0.233154156927135
-0.141042130386219	0.221528191426531
-0.230002139575868	0.238778605809737
-0.319481495647655	0.142313802851414
-0.188683698061078	0.260080659162570
-0.0534023363337558	0.0643247016584508
-0.175739380420167	0.198247026125452
-0.358239789589675	0.272722465453685
-0.407936579190122	0.275063532162166
-0.343656575321370	0.382396786784506
-0.106253516697291	0.130830723405262
-0.374177805060926	0.251502273485586
-0.240429647989982	0.127594374785195
-0.252373288555666	0.177700443091955
-0.597410377336530	0.153586682038444
-0.120864195212288	0.0942643710369007
-0.240011110198835	0.185850050205022
-0.125292604236263	0.117157899959084
-0.274547010906195	0.183884598537900
-0.198439780708640	0.270498990121964
-0.392839289960259	0.261906431998108
-0.386509638561394	0.128199319791678
-0.247562269907073	0.234036729108070
-0.343721632266614	0.369995575589153
-0.208424458118802	0.288078682266075
-0.203407418258361	0.268394292358479
-0.167480093330206	0.415563723745987
-0.219217915703465	0.222300308542324
-0.261901282045243	0.399434851332519
-0.382718473836107	0.211917597938609
-0.254985568120035	0.231859296013250
-0.293521829930851	0.292396210371487
-0.328817547205957	0.127010607608042
-0.138699163473488	0.393030411623008
-0.331886067586815	0.294968470540495
-0.109051987202449	0.248022068891289
-0.162104016894335	0.246253044099567
-0.232478543659000	0.189788328823375
-0.273189055781893	0.139967210526209
-0.120801416411500	0.227720079716353
-0.227586885768097	0.138754191541580
-0.358602738739620	0.152601986298289
-0.214320953009240	0.339811424307654
-0.181825487179213	0.322922951007288
-0.168614761014742	0.156722166897958
-0.375521036615166	0.300232741304172
-0.286815744387282	0.292778832072500
-0.120139554175837	0.223825841045759
-0.203733155710592	0.178242367285656
-0.297954872469073	0.274179862393078
-0.229676281069341	0.294621005507787
-0.175008983639261	0.334699731664768
-0.300982420160750	0.242610859989854
-0.410179722652586	0.434499429913331
-0.250212705350184	0.306067713892536
-0.181947830789266	0.267569661477895
-0.0525679605597840	0.0962923195874044
-0.279233303386854	0.417506599118657
-0.212313874639515	0.365917317052154
-0.371200130010325	0.196994436539345
-0.292931901673519	0.337285397367700
-0.162462218768310	0.413622538819664
-0.338040172321686	0.427932195526879
-0.337866497421636	0.189584728533640
-0.242835132705082	0.324386035079679
-0.350232933132515	0.0937799180636971
-0.187047734245817	0.296329951078935
-0.123488839394209	0.217996007376877
-0.0661195754914988	0.194058005705005
-0.330491407906598	0.165059918449851
-0.286438336510708	0.381776061089663
-0.265826768377836	0.204317407900675
-0.0338669009643197	0.250951577402108
-0.212703052642882	0.294493382207712
-0.274874425621053	0.177683710535318
-0.215567700311412	0.406672709529934
-0.155667315432499	0.132089437113647
-0.265400886326917	0.183659490600758
-0.412557780461053	0.166419334710767
-0.407562371706932	0.335484470758281
-0.366635664050277	0.240675462025942
-0.289884294842879	0.351070806006238
-0.238058374290233	0.325058775115857
-0.231737686581736	0.219981000303831
-0.128203571733000	0.245086783344859
-0.325122303112796	0.165209422684427
-0.303494962862553	0.193189157356018
-0.298758753731543	0.158950894630844
-0.173245730024549	-0.0335478160570550
-0.220165576010420	0.231741931845757
-0.196999882928331	0.276837663822048
-0.187326981627472	0.0959525325443755
-0.331689804963795	0.168286628105872
-0.358973318628146	0.245306427160827
-0.261234382609692	0.117715510048250
-0.387692085764327	0.179246670106584
-0.259294042031841	0.215441114417183
-0.284492293004321	0.105131359330713
-0.196560190886147	0.189391460201266
-0.414240243001091	0.320463092241738
-0.296972917457048	0.520715469825714
-0.412782637610298	0.203026027633494
-0.00774121571977138	0.239926934642028
-0.250336977444600	0.218768205556085
-0.233567150461878	0.284042084680680
-0.172090720972159	0.337209914338401
-0.208001732000570	0.149293503411391
-0.253749144642663	0.203288183625067
-0.326266743007783	0.122084316896253
-0.396340102035701	0.399912866579981
-0.305198983793439	0.225658759647062
-0.267219316881991	0.232734581519265
-0.417423733773685	0.219894369127436
-0.337379195073585	0.178224889614547
-0.289977266964161	0.295064552321742
-0.202876824866608	0.175829343946780
-0.422300472737423	0.177649689472016
-0.146965859520732	0.166457665658056
-0.317953753270256	0.197445423288643
-0.125037171945615	0.239085953232724
-0.0435344722722508	0.125970671871009
-0.311198855655497	0.188817494540899
-0.202059624024651	0.0942993512737007
-0.400123036524760	0.262667358573880
-0.0833273313282972	0.152658378126769
-0.405918104006521	0.275604288058485
-0.267313321613890	0.243787602905800
-0.267647219875479	0.277916543048014
-0.453050212341715	0.227456513862770
-0.444230894775474	0.255921091517331
-0.0369548041884387	0.347279952311108
-0.367420265600939	0.332354059591980
-0.272591136693565	0.407140210529763
-0.153834294684343	0.183720396727587
-0.201706603754764	0.291115561870502
-0.348719199916243	0.115518086071476
-0.402895097632622	0.237767792794726
-0.304981288449043	0.228841009890231
-0.283477752931783	0.180939632380792
-0.273916610960512	0.207484713786356
-0.185684847362521	0.0696831682054191
-0.309673488263280	0.281069733351747
-0.246191051052137	0.273000241016261
-0.234453384886377	0.153760835209029
-0.164804126913134	0.198127027588066
-0.348389923600580	0.425587875501950
-0.254991681361697	0.297311317125346
-0.287310565498075	0.307139931814785
-0.251651799667560	0.250694961171972
-0.408836262673443	0.0462232038790496
-0.128144972057584	0.295752837559693
-0.0943891717257285	0.233021972712056
-0.239580626168247	0.199989320278538
-0.225642411698828	0.229327588709400
-0.133040672051840	0.225645361591776
-0.246965376136318	0.196171406740927
-0.393341387348443	0.301662703772363
-0.155211608719240	0.316682101121729
-0.326619383889851	0.402230318170688
-0.0799336444489440	0.249374566841239
-0.393420981877153	0.404696753440508
-0.298198862085765	0.281118777931759
-0.295724714348858	0.198452121547430
-0.169955352480383	0.323548677001542
-0.150155660302437	0.0876107173430671
-0.235506504197105	0.255105880469226
-0.395665566511160	0.206119438099804
-0.235130250879175	0.185457649035765
-0.287661578417444	0.376604652581774
-0.197146112590159	0.223459083682687
-0.192946286438419	0.265806882775361
-0.384860596904670	0.186258746876848
-0.251623004662900	0.330491964617946
-0.205345905843613	0.444929631630690
-0.356866212972523	0.405791429930086
-0.364443323252811	0.207850770147250
-0.249846323813207	0.147820857277018
-0.308891030610134	0.293565888524656
-0.282587907593376	0.0135140903525764
-0.263118074509952	0.355702100111718
-0.130463133589784	0.0705189515769039
-0.228779363159078	0.359278208584382
-0.183685747527378	0.293693754547501
-0.130526023515298	0.163378417446450
-0.218992109368917	0.114186252040369
-0.455318228959237	0.173979975427194
-0.262665800242491	0.141936900842055
-0.241097095996884	0.404307540907133
-0.345345177672993	0.392933824403995
-0.164885043868640	0.235827056393582
-0.340221983838133	0.400448546668277
-0.478697117652577	0.335677809784864
-0.282575073532433	0.230020206395124
-0.235218923690905	0.0802498771191357
-0.216650426057712	0.118242259232402
-0.286986736966163	0.415137624554618
-0.318288647706006	0.186637681854310
-0.0952029139590762	0.276820981666107
-0.247430525175734	0.124008182906961
-0.194061105318826	0.0924392431089562
-0.230446372962429	0.0579349877487380
-0.0864599265174508	0.277272177260463
-0.327162410548523	0.371458460555610
-0.248779039341774	0.245818996441395
-0.347357552291895	0.348304485824486
-0.236390650657183	0.0993366896431005
-0.189945783234414	0.0720912706487922
-0.429687641835558	0.359651370025217
-0.209231384420924	0.174918689279232
-0.399617543189290	0.167054575509261
-0.256384034635930	0.307450894367066
-0.315501262432067	0.310966439006949
-0.124030129240689	0.191520411469999
-0.220406678087027	0.224889768849556
-0.312851825197680	0.211846119740642
-0.129627248987761	0.298114783942568
-0.198616184204845	0.160610779110249
-0.250720401168159	0.363840538294495
-0.361569724226231	0.259103228522237
-0.0559198211233027	0.325501730672073
0.00167319308977987	0.256703706263329
-0.292098005633561	0.0493995909125434
-0.246166294022907	0.268498863673049
-0.187076416863508	0.479167018719116
-0.274255969895431	0.537627579444779
-0.303649951342889	0.326042308313944
-0.199897347787444	0.144199177431113
-0.311352027701762	0.269766373887423
-0.312607346690113	0.159060068771200
-0.261456384504622	0.212184630247218
-0.387660550000727	0.422119812384281
-0.248241063708620	0.0868231429462760
-0.274745219659752	-0.0376997428666811
-0.254557267656946	0.251219100343714
-0.166790981624164	0.189779810777444
-0.378140193809083	0.240002947009888
-0.172700113842524	0.237695818203363
0.000737994269656594	0.185144638154587
-0.156610336927311	0.157274589395614
-0.314148750268981	0.287224495144651
-0.327379932491630	0.317978045176777
-0.161606412395716	0.318672668790044
-0.220064171221448	0.306824416143791
-0.202459751037467	0.298952265087863
-0.239895653333668	0.0913293489746691
-0.225682881583426	0.241706185449149
-0.191125043748695	0.0813562031318756
-0.298262092496736	0.214342904646311
-0.244040104521062	0.272639812852837
-0.0479402786022300	0.318550513696997
-0.249851996476491	0.194015155662647
-0.317127862637445	0.220169003879453
-0.296102173410029	0.419590989685791
-0.321311677414774	0.335910212350577
-0.176333972649143	0.231859152730461
-0.343907528879114	0.0980779443732063
-0.343133183540300	0.363502162115269
-0.257693892265228	0.227630185197220
-0.135975779305890	0.277923327841530
-0.270559511193377	0.387102130158784
-0.211856302847945	0.414048821912066
-0.227702648200776	0.111911017022693
-0.410168064941375	0.343741653734921
-0.158038899584465	0.269940096140333
-0.405768797148765	-0.0120820287008813
-0.436308889368015	0.326309393067552
-0.289293335436266	0.233502333620784
-0.471994429074964	0.214674251523530
-0.0575942581622459	0.402856066378888
-0.270534957525193	0.287993175540162
-0.355483290155611	0.377024342251547
-0.225003149613109	0.190052070371867
-0.132352911961318	0.272230764070929
-0.330431586323531	0.262557855172138
-0.0472410707011425	0.354074484834796
-0.345579666306859	0.345141066663069
-0.363638705310057	0.315261883865695
-0.321892574115938	0.340291185987908
-0.284785597533900	0.234614936578584
-0.226070562514865	0.339484769895157
-0.167457264203598	0.0690660864266967
-0.226163171595162	0.279764068217909
-0.0874202298235301	0.315211134932933
-0.189101123228602	0.226562255095194
-0.178730295981361	0.262073992499539
-0.159697426376368	0.302065166850419
-0.207462780184655	0.122648913785424
-0.328778589515000	0.335807895307389
-0.124308852661353	0.142335335149188
-0.163757979823796	0.233478964557215
-0.452118533313168	0.228298243672005
-0.266919431431979	0.0893837410141456
-0.158736556610683	0.172456487248728
-0.145551349360444	0.114666634859514
-0.392239963143876	0.183570910087900
-0.279625868655950	0.00884424095287800
-0.316631713055088	0.158282542410714
-0.320414287045316	0.382368503609502
-0.256197710102316	0.346864516978386
-0.246653698831074	0.130513115241549
-0.0677892862866024	0.169958760073625
-0.245585796934273	0.409520346029866
-0.230242720833012	0.281546512832106
-0.365325697559040	0.237734018355270
-0.139863609228305	0.0968409773479997
-0.326878982865942	0.302145913207744
-0.248859675581367	0.0757060160206972
-0.308439630591196	0.282190497606704
-0.112998301386682	0.265035977672347
-0.400087443579145	0.295841627459788
-0.188625947167340	0.105049865775164
-0.386537236341493	0.423099741543851
-0.197649443573375	0.252358152567728
-0.181251257090259	0.253430391214512
-0.301545438086636	0.313908799006417
-0.252033582586345	0.375477133036334
-0.171464344495414	0.237015670369418
-0.204442636641139	0.425396419905773
-0.212435653926281	0.285871821615581
-0.380702232738063	0.509294117307477
-0.429211628956438	0.370530826249580
-0.363442323009776	0.158785108743995
-0.255965278575790	0.0977339897219828
-0.436791127477508	0.307237135451232
-0.257237993872413	0.154469322520371
-0.259378892124424	0.176902477546489
-0.345243129023343	0.245934394964807
-0.196110806736158	0.299278068638992
-0.170798962246774	0.0293464574420957
-0.250025651841924	0.434340724586143
-0.265787186995165	0.173289335283697
-0.173265849971984	0.288363407507569
-0.155327901224907	0.288641706708964
-0.215929733631564	0.279937988780961
-0.132736495584528	0.313336696543181
-0.267557871589659	0.268055116938222
-0.444499044935878	0.306425252727536
-0.269033229209506	0.310583484634422
-0.272412328218538	0.199954794658065
-0.245481239246070	0.219803222475801
-0.302805532606284	0.125337706547204
-0.0935462801946822	0.0915710161576940
-0.379822758930233	0.356610754312383
-0.393223012903488	0.0378375704280507
-0.328245179176535	0.165143023583312
-0.181527345155565	0.313612543013445
-0.380143120255921	0.229838081990172
-0.188080408383564	0.319789262157472
-0.206509516374317	0.197669495513115
-0.244266633260971	0.198803817529100
-0.420507813215903	0.315405529081589
-0.160890718745285	0.206989715636423
-0.274634803912363	0.196068474897456
-0.261265399948803	-0.00898605265360308
-0.177579239773567	0.458417434450147
-0.215154245126157	0.374872261881057
-0.454720791883099	0.305405959464499
-0.227434186680309	0.268840687615498
-0.182386654791635	0.176882747706129
-0.351336986889644	0.226304381510530
-0.452639798479419	0.144872539897518
-0.170257944121653	0.357045619698604
-0.191385430030622	0.321307351756583
-0.177554401470351	0.177284464407689
-0.249005162677452	0.248759302309883
-0.289504281002490	0.279718194555018
-0.184990335116356	0.222103732951539
-0.431382831287230	0.274342568637136
-0.141973877532283	0.263670868818334
-0.278924179596831	0.252423059629595
-0.186069525562690	0.0231128521179623
-0.320695029102482	0.274890825994453
-0.175192135450694	0.258276320255322
-0.251493776870424	0.233206367298288
-0.296169516437973	0.352745313259758
-0.147508306504076	0.222484007385944
-0.497569855986193	0.331133972949874
-0.361536678940352	0.410697810765761
-0.291251238126409	0.387075088217780